Adjacent, RCAL=500ohm. 100kHZ
499.05,510.97,485.60,489.49,506.67,508.66,500.85,502.51,500.16,487.33,507.21,483.79,503.16,494.69,497.12,926.65,876.64,886.39,863.75,856.50,737.17,753.87,750.64,788.14,755.76,756.12,767.01,743.18,737.31,739.46,710.21,721.83,699.74,736.79,708.18,498.63,500.89,496.36,500.00,499.42,
500.00,489.49,492.51,501.24,484.39,500.85,497.12,477.34,497.78,504.04,479.44,483.06,488.60,488.89,479.44,854.28,913.62,886.39,887.30,875.37,762.50,748.99,768.09,777.11,745.13,749.84,771.06,737.17,721.48,753.87,704.33,701.21,692.06,717.98,715.15,498.63,499.42,494.69,509.96,488.89,
510.97,489.59,500.89,491.63,482.29,505.62,502.51,496.36,503.23,508.77,498.47,482.84,500.85,492.52,499.05,842.05,861.92,861.92,872.28,900.35,758.33,747.25,769.76,771.33,758.33,774.62,777.34,798.39,743.52,784.97,735.08,732.09,732.09,714.84,736.79,487.35,511.92,497.12,503.23,499.42,
491.11,487.35,506.35,510.97,505.42,493.33,497.12,488.14,494.10,496.36,495.48,494.82,494.10,495.48,485.08,889.05,899.57,898.62,865.59,912.18,789.60,788.14,786.35,771.33,786.35,764.72,775.89,741.53,769.22,749.84,723.85,712.94,730.83,717.98,740.66,479.44,502.51,496.09,498.63,495.91,
498.05,505.42,497.78,502.22,496.87,502.51,489.59,488.14,480.93,494.82,497.12,493.15,496.36,482.25,493.33,901.65,896.22,911.19,860.78,891.39,795.80,777.11,791.77,789.83,780.47,771.33,762.35,762.35,751.44,775.28,716.98,749.64,735.08,739.31,733.07,502.51,498.63,499.42,496.36,500.16,
488.60,503.16,510.97,509.56,493.77,511.20,481.61,488.89,501.73,501.73,485.96,483.06,493.33,489.59,484.46,877.36,887.30,894.77,910.02,864.97,775.28,757.56,775.28,819.28,760.88,782.51,767.01,777.34,775.89,743.52,720.99,746.66,704.83,747.70,759.42,509.56,510.08,505.42,496.36,500.89,
507.21,503.16,501.73,485.20,502.22,491.84,500.16,516.09,504.04,511.92,491.11,491.11,480.93,491.35,494.10,877.04,876.09,852.43,876.09,875.37,769.22,769.76,784.45,793.84,753.87,789.07,782.51,756.12,764.72,789.60,716.98,750.99,724.98,707.97,748.24,506.98,523.52,505.62,510.41,508.66,
506.35,494.10,500.00,498.63,503.42,493.33,494.10,512.60,501.73,485.65,491.11,488.89,486.67,497.12,499.05,865.67,864.97,876.64,888.63,864.97,777.11,775.28,772.81,788.14,778.84,759.89,773.52,767.01,762.35,779.97,716.98,706.29,723.85,720.99,755.30,520.20,494.82,488.14,496.36,506.35,
495.55,497.78,506.35,501.24,505.59,518.54,494.10,487.33,520.02,506.35,506.98,495.48,487.94,482.84,475.64,901.39,901.65,853.09,876.09,900.95,784.45,801.30,795.80,784.45,764.46,786.35,768.52,771.06,764.72,743.18,710.21,727.98,727.98,707.34,744.25,503.90,511.92,511.93,501.73,492.51,
515.54,505.42,476.54,502.33,496.36,492.52,487.33,507.57,488.89,517.66,497.12,486.67,497.82,503.23,494.10,842.90,877.28,888.63,876.09,876.64,780.36,799.05,780.36,791.77,751.90,775.89,767.01,743.52,769.22,796.70,758.59,720.99,735.08,755.96,740.66,508.02,500.89,510.41,513.28,499.05,
491.63,489.59,497.82,484.46,494.10,491.11,500.85,494.82,497.12,515.78,473.89,484.46,497.12,503.23,484.46,877.28,842.05,887.30,900.35,896.22,827.62,768.09,778.84,805.48,819.28,779.97,751.90,773.35,762.35,767.01,723.85,712.94,726.56,718.56,756.12,505.62,509.45,504.04,496.36,503.23,
483.06,500.85,483.79,497.12,478.79,492.52,495.48,485.65,500.85,505.06,482.25,493.72,482.25,488.14,492.51,877.04,899.57,875.37,875.37,885.32,727.29,764.46,782.46,778.84,760.88,745.48,775.89,769.22,760.46,791.77,755.30,716.98,711.57,727.98,729.49,495.48,504.04,501.73,522.74,486.67,

Adjacent buco al centro
516.63,507.77,514.48,508.66,514.27,490.32,495.55,519.40,503.16,506.33,811.31,801.30,820.19,829.04,819.47,743.18,751.44,751.44,745.48,749.84,780.36,786.35,771.33,786.35,782.46,771.33,756.12,758.33,780.36,771.06,724.98,746.66,748.29,729.49,725.66,524.82,505.42,520.02,509.96,514.27,
509.96,521.34,533.23,501.73,513.28,495.55,511.92,496.36,509.45,500.16,832.30,811.31,800.57,826.88,808.47,754.74,759.89,748.99,758.33,721.48,784.45,786.35,774.18,789.83,768.09,777.34,775.89,775.89,765.89,749.84,732.09,717.98,732.88,767.60,780.47,508.66,513.28,515.21,508.66,497.78,
502.22,497.00,520.02,502.33,511.20,486.67,497.78,497.78,497.78,518.54,843.18,821.77,788.03,838.67,799.35,760.41,754.74,751.44,756.12,747.70,782.46,827.62,803.44,775.28,777.11,782.51,759.89,764.72,748.99,764.72,716.98,712.94,727.98,752.05,779.97,514.27,520.02,522.42,517.61,496.87,
513.28,508.66,515.59,516.63,525.88,498.63,504.04,500.89,517.66,512.81,811.50,821.24,808.47,832.30,819.47,745.48,719.39,733.25,753.82,762.35,784.97,788.14,778.84,793.84,782.46,823.42,778.17,784.97,771.06,775.89,735.08,746.66,720.99,740.61,736.93,513.28,523.69,517.89,502.22,505.42,
522.50,505.42,523.44,504.46,507.21,520.20,503.16,506.33,508.66,518.54,819.47,820.78,820.19,820.78,785.95,757.35,743.86,735.84,748.99,771.06,808.72,771.33,797.66,760.46,769.76,786.35,762.50,782.51,773.52,767.01,719.70,719.70,744.25,772.04,767.44,515.54,513.28,515.59,509.56,517.61,
508.66,501.19,501.24,492.51,497.95,516.63,497.78,497.78,504.04,505.42,801.48,842.54,788.90,841.41,796.64,751.44,748.99,743.18,748.99,765.89,775.28,786.35,760.88,793.84,799.05,771.06,759.89,775.89,759.89,747.70,723.85,727.98,735.08,747.70,759.99,501.24,500.89,512.81,512.81,513.28,
503.16,522.42,506.35,497.00,511.11,520.99,491.63,497.12,501.73,525.28,801.30,809.98,809.98,829.92,789.66,735.84,722.64,757.35,747.70,739.46,784.45,771.33,766.32,766.32,775.28,757.35,782.51,762.35,787.33,784.97,732.09,727.98,740.23,756.12,736.93,516.63,509.96,511.92,517.89,518.98,
509.96,509.96,500.89,527.22,509.56,497.12,506.33,505.62,504.86,516.91,811.50,811.31,781.32,829.04,796.64,717.85,743.86,740.80,729.31,743.18,771.33,769.76,769.76,777.11,786.35,778.17,760.46,748.99,777.34,778.17,743.13,730.83,739.31,756.12,770.90,523.44,525.88,511.92,513.65,516.74,
501.24,503.16,499.05,513.28,520.20,507.21,508.02,501.73,501.73,506.35,831.76,811.50,806.47,809.98,819.47,743.86,735.08,725.48,753.82,745.48,743.52,773.35,775.28,768.09,795.80,753.82,789.07,764.72,779.97,771.33,739.31,761.72,718.56,760.05,722.24,506.35,518.54,511.11,508.66,509.56,
517.61,514.27,503.16,492.51,504.45,494.69,503.23,500.16,512.81,498.63,832.10,810.99,831.28,818.63,830.67,704.33,764.72,729.31,756.12,735.08,753.87,784.45,797.66,805.48,782.46,791.71,771.06,784.97,769.22,737.31,754.13,770.90,732.88,764.09,748.24,512.22,515.21,517.89,501.24,501.24,
507.77,528.33,510.97,489.49,517.61,508.77,494.10,496.36,499.42,510.41,811.50,821.57,821.24,840.63,819.47,748.99,733.39,768.52,722.64,753.82,782.46,784.45,772.81,788.14,786.35,771.06,779.97,771.06,751.90,749.84,740.61,723.85,728.94,763.82,752.20,529.62,493.33,511.11,507.69,528.33,



864.97,898.62,864.44,884.09,881.15,875.37,897.50,860.78,861.92,901.65,882.70,875.37,497.78,500.89,509.56,490.70,776.33,735.08,717.98,730.60,740.66,718.69,694.59,730.60,748.24,744.50,765.04,733.25,525.88,512.81,497.12,504.86,
876.64,842.90,887.30,861.92,886.39,854.20,848.35,825.61,865.67,901.65,888.05,875.37,689.56,704.67,694.55,693.36,735.79,755.96,740.61,748.99,725.66,703.55,731.39,715.36,740.23,748.24,721.70,752.05,797.66,789.66,771.55,797.66,


Adjacent buco al centro RCAL=2000 f=50kHz
2194.95,2007.72,2218.63,2134.06,2040.13,2075.75,2000.00,2143.80,2139.26,2172.74,2180.07,2349.72,2307.54,2272.13,2044.67,2356.67,2179.33,2231.16,2193.07,2272.13,2224.87,2306.23,2367.91,2418.57,2171.28,2451.41,2245.91,2388.47,2568.75,2447.23,2321.65,2323.87,2549.10,2388.95,2334.65,2150.84,2101.65,2009.16,2079.57,2178.23,
1992.09,2194.95,1963.49,1996.31,2065.34,1959.47,1992.09,2147.66,2178.23,1937.90,2215.53,2156.52,2220.57,2212.83,2144.15,2242.69,2217.47,2481.26,2516.76,2432.26,2241.09,2313.68,2339.64,2544.41,2388.47,2179.33,2401.16,2224.87,2165.13,2385.09,2412.56,2572.98,2503.27,2457.19,2457.71,2042.25,2010.32,2030.24,1992.09,2030.24,
2096.72,2231.55,2005.71,2034.12,2193.07,2042.25,2091.18,2143.80,2034.12,2265.90,2372.17,2287.29,2361.80,2259.31,2114.98,2242.69,2500.49,2465.67,2418.57,2447.23,2474.77,2418.57,2346.96,2217.47,2171.28,2500.49,2259.31,2280.93,2483.44,2383.16,2684.58,2572.98,2380.76,2457.19,2795.63,2193.07,2025.80,2155.10,2194.95,2030.24,
2060.66,2166.57,2034.12,2034.12,1906.85,2079.57,2139.26,2150.84,2178.23,2212.83,2133.03,2065.34,2133.03,2073.53,2035.92,2372.17,2339.64,2339.64,2142.40,2153.32,2418.57,2187.10,2173.84,2401.16,2104.30,2326.11,2544.41,2297.56,2231.95,2533.35,2468.87,2549.10,2437.39,2563.35,2402.64,2228.01,1959.47,2178.23,2193.07,2042.25,
2005.71,2037.42,2187.10,2065.34,2020.79,2218.63,2049.55,2223.69,2134.06,2116.66,2181.17,2280.51,2163.68,2116.66,2052.00,2155.45,2604.42,2514.50,2327.45,2219.02,2373.12,2465.67,2411.06,2306.23,2326.11,2280.93,2304.06,2408.58,2206.31,2301.02,2380.76,2349.26,2549.10,2540.32,2699.84,2075.75,2153.32,2190.45,2147.66,2101.65,
2010.03,2153.32,2042.25,2277.15,1976.54,2025.80,2223.69,2034.12,2069.42,2147.66,2297.99,2334.65,2323.87,2176.76,2148.02,2373.12,2256.86,2356.67,2231.16,2373.12,2474.77,2411.06,2210.14,2432.77,2329.24,2165.13,2304.06,2358.53,2358.53,2241.09,2360.40,2309.73,2326.11,2282.20,2678.41,2270.46,2153.32,2065.34,2005.71,2007.72,
1940.24,2043.76,2069.42,2077.98,1976.81,2143.80,2116.66,1974.34,2049.55,2218.63,2334.65,2286.86,2102.98,2265.90,2315.44,2253.60,2408.58,2217.47,2272.13,2447.23,2523.02,2447.23,2447.23,2306.23,2228.40,2322.09,2339.64,2245.91,2231.95,2322.09,2746.48,2355.27,2530.47,2457.19,2595.06,2147.66,2134.06,2007.72,2044.67,2172.74,
2040.13,2080.53,2072.89,2010.32,2155.10,2112.63,2234.32,2030.24,2000.00,2040.13,2237.90,2334.65,2058.17,2052.00,2343.75,2356.67,2231.16,2272.13,2500.49,2206.31,2432.77,2346.96,2301.02,2401.16,2447.23,2544.41,2339.64,2494.95,2327.45,2322.09,2416.06,2816.84,2355.27,2297.56,2652.17,1996.31,2079.57,2042.25,2116.66,2040.13,
2117.67,2009.16,2003.13,2044.67,1976.81,2223.69,2003.13,2101.65,2105.96,2228.01,2188.22,2287.29,2246.31,2114.98,2321.65,2418.57,2231.16,2206.31,2383.16,2500.49,2224.87,2388.47,2339.64,2224.87,2329.24,2165.13,2388.95,2339.64,2451.41,2533.35,2309.73,2416.06,2418.57,2380.76,2556.79,2150.84,2150.84,2150.84,2060.66,1992.09,
2147.66,2009.16,2109.62,2155.10,2187.10,2007.72,2049.55,2009.16,2190.45,2096.72,2334.65,2372.17,2170.56,2133.03,2125.48,2388.95,2358.53,2373.12,2388.95,2217.47,2208.22,2383.16,2286.86,2501.04,2206.31,2259.31,2418.57,2168.02,2345.58,2231.95,2418.57,2572.98,2309.73,2445.15,2445.15,2155.10,2009.16,2005.71,2128.21,1940.24,
2193.07,2153.32,2156.52,2010.32,1976.54,1972.43,2034.12,2003.13,2043.76,2077.98,2262.19,2095.09,2169.47,2080.53,2125.48,2435.34,2217.47,2295.84,2295.84,2272.13,2241.09,2191.20,2516.76,2356.67,2247.52,2435.34,2533.35,2314.56,2383.16,2494.95,2457.71,2360.40,2297.56,2612.63,2314.56,2193.07,2034.12,2042.25,2116.66,2223.69,


2010.03,2040.13,2015.24,2121.73,2105.96,2085.03,2025.80,2223.69,2183.02,1974.34,2349.72,2272.13,2272.13,2086.32,2315.44,2373.12,2219.02,2153.32,2372.17,2231.16,2428.18,2241.09,2286.01,2322.09,2356.67,2263.84,2388.95,2193.07,2451.41,2339.64,2496.06,2309.73,2549.10,2496.06,2540.32,2042.25,2030.24,2187.10,2065.34,2143.80,
2034.12,2117.67,2190.45,2042.25,2069.42,2007.72,1987.33,1937.90,1935.07,2147.66,2227.22,2280.51,2102.98,2063.15,2040.13,2253.60,2447.23,2155.45,2179.33,2451.41,2356.67,2155.10,2523.02,2367.91,2388.47,2246.31,2401.16,2494.95,2533.35,2224.87,2629.91,2466.20,2549.10,2549.10,2572.98,2030.24,2034.12,2178.23,2112.63,2042.25,
2010.03,2009.16,2010.03,1976.81,2010.32,1912.05,2000.00,2187.10,2109.62,1967.00,2323.87,2139.26,2125.48,2125.48,2144.15,2263.84,2329.24,2313.68,2297.56,2163.68,2228.40,2367.91,2187.10,2228.40,2388.47,2418.57,2168.02,2339.64,2327.45,2286.86,2462.48,2349.26,2604.42,2572.98,2273.38,2025.80,2193.07,2114.98,2105.96,1992.09,
2155.10,1940.24,2072.89,2183.02,2196.08,2072.89,2065.34,2080.53,2112.63,2003.13,2246.31,2274.22,2380.76,2194.95,2003.42,2339.64,2401.16,2435.34,2245.91,2451.41,2228.40,2208.22,2356.67,2465.67,2286.86,2179.33,2284.32,2259.31,2206.31,2187.10,2270.46,2503.27,2416.06,2628.62,2619.63,2183.02,1940.24,2040.13,2030.24,2080.53,
2042.25,2010.03,2080.85,2044.98,2116.66,2079.57,2040.13,2030.24,2116.66,2034.12,2156.52,2159.73,2114.98,2090.85,2147.66,2242.69,2383.16,2219.02,2466.73,2219.02,2428.18,2217.47,2179.33,2202.51,2256.86,2301.02,2401.16,2245.91,2447.23,2231.95,2572.98,2428.69,2568.75,2342.38,2519.60,2101.65,2183.02,1975.71,2153.32,2166.57,
2042.25,2117.67,2075.75,2080.85,2118.01,1972.43,2007.72,2077.98,2156.52,1974.34,2203.65,2227.22,2035.92,2226.83,2204.03,2418.57,2212.83,2373.12,2313.68,2219.02,2187.10,2286.01,2401.16,2432.77,2411.06,2206.31,2206.31,2372.17,2428.18,2313.68,2416.06,2556.79,2428.69,2457.19,2309.73,2000.00,2187.10,2025.80,2155.10,2139.26,
2007.72,2044.98,2101.65,1943.36,2190.45,1935.07,2134.06,2025.80,1969.98,2134.06,2116.66,2139.26,2148.02,2180.07,2148.02,2231.95,2168.02,2404.12,2388.95,2231.16,2329.24,2418.57,2313.68,2246.31,2241.09,2344.21,2284.32,2466.73,2314.56,2533.35,2568.75,2419.07,2309.73,2326.11,2652.17,2003.13,2134.06,2128.21,2042.25,2116.66,
1969.98,2010.03,2156.52,2150.84,1944.40,1959.47,1931.73,2043.76,1963.49,2139.26,2262.19,2138.22,2287.29,2066.90,2259.31,2435.34,2388.95,2155.45,2155.45,2314.56,2266.73,2304.06,2228.40,2447.23,2241.09,2241.09,2339.64,2404.12,2533.35,2259.31,2360.40,2355.27,2419.07,2640.31,2402.64,2147.66,2231.55,1963.49,2042.25,2079.57,
2234.32,2117.67,2156.52,2005.71,2196.08,2034.12,2007.72,2034.12,2096.72,2005.71,2065.34,2203.65,2227.22,2280.51,2204.03,2168.02,2272.13,2327.45,2339.64,2432.26,2246.31,2401.16,2544.41,2388.95,2432.77,2565.15,2428.18,2329.24,2388.95,2401.16,2265.90,2451.93,2549.10,2342.38,2334.65,2000.00,2037.42,2043.76,2009.16,1992.09,
2112.63,2156.16,2118.01,2009.16,2153.32,1987.33,2178.23,1974.34,2223.69,2077.98,2226.83,2220.57,2170.56,2204.03,2188.22,2242.69,2401.16,2432.26,2388.95,2179.33,2155.10,2173.84,2304.06,2120.04,2191.20,2280.93,2432.26,2314.56,2326.11,2286.86,2549.10,2518.46,2364.62,2662.17,2595.06,2044.67,1959.47,2060.66,2101.65,2147.66,


Adjacent buco al centro RCAL=2000 f=50kHz
2004.03,1910.11,2004.03,2144.62,2036.57,1997.60,2136.74,1959.52,1877.40,1931.93,2033.19,1906.62,1904.54,1940.42,2102.97,2237.42,2300.29,2167.75,2268.00,2180.12,2300.70,2355.99,2184.29,2246.46,2326.37,2351.19,2328.91,2385.86,2216.73,2315.09,2380.87,2347.29,2598.97,2292.19,2360.82,2128.95,2174.60,2096.78,2019.83,2015.16,
2069.56,2071.05,2069.56,2000.00,2069.56,2048.54,2069.56,2036.57,1940.42,1967.88,1994.67,1967.88,1982.83,1939.69,2107.97,2368.33,2262.56,2247.22,2342.12,2303.55,2216.73,2278.22,2180.12,2180.12,2411.71,2196.60,2310.12,2458.55,2385.86,2510.35,2520.46,2375.03,2393.16,2286.97,2360.82,2105.15,2033.19,2057.80,1969.66,2037.42,
2071.05,2036.57,2069.56,1965.59,1970.94,1939.69,2003.22,1909.41,2037.70,2057.80,2071.05,1908.25,2023.97,1959.52,2143.63,2407.96,2448.67,2397.76,2357.74,2255.62,2297.04,2502.97,2165.37,2336.55,2419.25,2385.86,2342.12,2482.77,2196.60,2254.47,2580.38,2572.94,2580.38,2368.33,2476.64,2033.19,2143.63,2181.86,1965.59,2036.57,
2004.03,2143.63,2072.24,1994.67,2144.62,1936.77,1965.59,1967.88,2003.22,2143.63,1994.67,2023.97,1971.97,1938.47,2181.86,2518.32,2368.78,2213.82,2306.42,2566.69,2600.73,2475.12,2462.04,2429.26,2551.00,2333.57,2270.35,2393.62,2371.90,2328.91,2596.04,2618.56,2462.54,2335.70,2274.27,2071.94,1962.80,1987.28,2105.15,1962.80,
2106.71,2037.42,1970.94,2019.83,1962.80,1955.75,2143.63,1970.94,2124.13,2205.16,2107.97,2035.16,1971.71,2019.83,2105.15,2474.61,2382.68,2397.76,2429.26,2300.29,2493.07,2297.04,2254.47,2194.47,2371.90,2219.65,2328.91,2416.41,2259.08,2246.46,2380.87,2533.42,2347.29,2393.16,2316.75,2092.78,1904.54,2133.16,1925.21,1939.69,
2000.00,2106.71,1997.60,1967.88,2004.03,2067.49,2133.16,2105.15,1970.94,1906.62,2177.70,2064.84,1908.25,2092.78,2100.18,2445.24,2159.62,2393.16,2484.82,2268.00,2357.30,2429.26,2375.03,2397.76,2297.04,2475.12,2270.35,2526.92,2493.07,2310.12,2300.29,2344.27,2564.44,2608.41,2580.38,2139.69,2071.05,1904.54,2174.60,2092.78,
2069.56,2069.56,2102.97,1969.66,1970.94,2061.60,2061.60,1909.41,2141.98,2170.83,1936.77,2037.70,1934.58,2037.42,1987.28,2415.94,2546.57,2363.02,2474.61,2247.22,2184.29,2522.61,2411.71,2437.45,2397.76,2354.68,2231.82,2429.26,2221.84,2375.03,2544.92,2414.53,2538.33,2527.46,2586.72,1970.94,1969.66,2053.45,1931.93,2107.65,
2003.22,1971.97,2106.71,2106.71,2004.03,1938.47,2003.22,1994.67,1969.66,1934.58,1965.59,2035.16,2133.16,1971.97,1931.93,2255.62,2363.02,2397.76,2406.56,2423.53,2437.45,2300.70,2238.16,2571.80,2342.12,2234.80,2247.22,2385.86,2385.86,2231.82,2444.75,2527.46,2503.50,2486.87,2693.10,2219.65,2057.80,2069.56,1991.23,1970.94,
2071.94,2004.03,2036.57,2036.57,2037.42,1969.66,1967.88,2143.63,2133.16,1991.23,2180.12,1970.94,2067.49,1967.88,1906.62,2490.48,2236.29,2454.09,2368.78,2271.52,2158.27,2342.12,2194.47,2315.09,2276.24,2493.07,2493.07,2246.46,2510.35,2458.55,2427.82,2305.19,2368.33,2368.33,2316.75,2001.88,2092.78,2213.82,1965.59,2139.69,
2004.03,2182.90,2071.94,2030.66,2102.97,2036.57,1997.60,2105.15,2139.69,2036.57,2133.16,2139.69,2053.45,1965.59,2092.78,2445.24,2271.52,2210.20,2306.42,2328.91,2417.83,2165.37,2375.03,2456.57,2185.34,2310.12,2400.99,2431.18,2260.63,2475.12,2520.46,2385.86,2572.94,2493.07,2375.03,2177.70,1967.88,2023.97,2004.03,2057.80,

2072.24,2000.00,2139.69,2004.03,2035.16,2037.70,2106.71,2133.16,2004.30,2057.80,1971.71,2037.42,2102.97,1904.54,2027.59,2247.22,2429.26,2393.16,2180.12,2315.50,2238.16,2274.27,2171.51,2336.55,2336.55,2208.39,2559.93,2230.33,2247.22,2446.22,2546.57,2385.86,2544.92,2490.48,2564.44,1906.62,2001.88,2036.57,2106.71,2106.71,
2037.42,2144.95,1965.59,2001.88,2107.65,2180.12,2143.63,1997.60,1969.66,2067.49,2177.70,2139.69,1971.71,2004.30,2083.04,2504.02,2331.87,2240.79,2180.12,2236.29,2356.43,2462.04,2208.39,2493.07,2411.71,2354.68,2431.18,2270.35,2328.91,2375.03,2544.92,2260.63,2393.16,2596.04,2744.17,2036.57,1965.59,2035.16,2001.88,1994.67,
1970.94,2182.90,2037.42,2004.03,2004.30,2033.19,1962.80,2106.71,2133.16,2139.69,1994.67,1934.58,2133.16,2057.80,2069.56,2407.96,2423.53,2174.60,2230.33,2205.16,2238.16,2221.48,2216.73,2342.12,2478.17,2478.17,2458.55,2221.84,2354.68,2351.19,2349.46,2591.95,2396.83,2292.19,2335.70,2023.97,2141.98,2036.57,2027.59,2030.66,
2001.88,2219.65,2072.24,2264.11,2144.62,2048.54,2141.98,2033.19,2035.16,2199.80,2033.19,2177.70,2061.60,2037.42,2069.56,2493.07,2614.97,2415.94,2461.04,2230.33,2254.47,2278.22,2296.63,2315.50,2371.90,2299.88,2299.88,2310.12,2234.80,2411.71,2490.48,2655.36,2591.95,2486.87,2360.82,2061.60,2124.13,2106.71,2009.97,2107.65,
1939.69,2003.22,2037.42,1938.47,2096.78,2027.59,2182.90,2177.70,2128.95,1928.80,2000.00,1962.80,2133.16,2036.57,2182.90,2382.68,2504.02,2333.14,2342.12,2255.62,2393.62,2287.37,2333.57,2507.71,2316.75,2475.12,2493.07,2208.39,2247.22,2510.35,2296.63,2591.95,2385.86,2375.03,2618.56,2043.10,2048.54,2037.42,2057.80,2174.60,
2183.25,2143.63,2221.48,2035.16,2072.24,1938.47,2000.00,2003.22,2100.18,2096.78,2141.98,2177.70,2213.82,1971.71,2023.97,2357.30,2247.22,2190.95,2499.31,2363.02,2482.77,2278.22,2293.40,2502.97,2475.12,2259.08,2399.14,2416.41,2437.45,2158.27,2710.92,2542.16,2470.07,2533.42,2564.44,2033.19,2118.70,2071.05,2036.57,2139.69,
2105.15,2100.18,1997.60,2107.97,2107.97,2217.09,1936.77,2174.60,2254.47,2067.49,2102.97,2088.20,1934.58,2053.45,2023.97,2622.78,2357.30,2331.87,2236.29,2262.56,2315.09,2231.82,2276.24,2333.57,2342.12,2287.37,2274.27,2194.47,2354.68,2393.62,2444.75,2344.27,2591.95,2572.94,2520.46,1982.83,2128.95,2217.09,2106.71,1959.52,
2144.95,2071.05,2001.88,2177.70,2033.19,2213.82,2133.16,2092.78,2106.71,2107.97,2001.88,2003.22,1994.67,2199.80,2141.98,2306.42,2454.09,2342.12,2295.42,2333.14,2270.35,2385.86,2342.12,2456.57,2478.17,2234.80,2368.33,2234.80,2274.27,2351.19,2493.07,2542.16,2296.63,2635.54,2700.32,2177.70,2019.83,2102.97,1994.67,2023.97,
2000.00,1965.59,2061.60,1971.97,2071.05,2213.82,2036.57,2128.95,1965.59,2072.24,2133.16,2003.22,1991.23,2035.16,2027.59,2271.52,2255.62,2493.07,2469.06,2342.12,2522.61,2429.26,2493.07,2522.61,2411.71,2456.57,2611.39,2342.12,2287.37,2342.12,2393.16,2260.63,2427.82,2344.27,2482.25,2161.31,2033.19,2112.68,1997.60,2139.69,
1962.80,2092.78,2069.56,2083.04,2033.19,2036.57,2071.94,2166.39,2143.63,2174.60,2174.60,1994.67,2217.09,2036.57,2182.90,2415.94,2300.29,2247.22,2397.76,2271.52,2377.27,2315.50,2333.57,2416.41,2375.03,2493.07,2493.07,2234.80,2542.71,2333.57,2493.07,2542.16,2347.29,2647.88,2618.56,2170.83,2071.05,1967.88,2001.88,2124.13,


Adjacent buco al centro PGA=1 f=50kHz
1706.98,1706.98,1911.56,1706.98,1760.94,1706.98,2101.98,2075.03,1937.93,1866.69,1748.95,1760.94,1815.92,1551.03,1937.93,3224.90,2166.67,2353.93,2363.64,2353.93,2151.78,2820.10,2490.35,2280.35,2549.51,2325.51,2055.48,2151.78,2414.04,1994.11,2000.00,2229.48,2000.00,2280.35,2055.48,1815.92,1866.69,2151.78,1706.98,1815.92,
1937.93,1760.94,1815.92,1570.72,1661.08,1521.53,1871.52,1994.11,1871.52,2000.00,2000.00,1760.94,1815.92,1699.67,1570.72,2490.35,2363.64,2363.64,2353.93,2353.93,2137.19,2137.19,2600.00,2229.48,2549.51,2325.51,2740.64,2325.51,2055.48,2055.48,2000.00,2639.90,2229.48,2130.00,2101.98,1661.08,1703.32,1661.08,1706.98,1815.92,
1760.94,1609.36,1815.92,1785.69,1871.52,1829.35,1994.11,1706.98,1866.69,1644.38,1871.52,2055.48,1871.52,1866.69,1703.32,2820.10,3224.90,2325.51,2363.64,3224.90,1976.74,2325.51,2159.18,2325.51,2000.00,2325.51,2137.19,2325.51,2137.19,2414.04,2075.03,1994.11,2221.33,2525.34,2101.98,1661.08,1612.45,1866.69,1706.98,2221.33,
1937.93,1871.52,1703.32,1703.32,1785.69,1937.93,1706.98,1661.08,1815.92,1748.95,1706.98,2000.00,1706.98,1760.94,2075.03,2353.93,2587.10,2888.89,2587.10,2587.10,2414.04,2549.51,2221.33,2325.51,2280.35,2325.51,2137.19,2490.35,2137.19,2325.51,2280.35,2280.35,2403.70,2221.33,2151.78,1703.32,1815.92,1703.32,1994.11,1911.56,
1815.92,1911.56,1866.69,1706.98,1871.52,1612.45,1937.93,1866.69,1802.78,1706.98,1644.38,1703.32,1706.98,1866.69,1760.94,2888.89,2000.00,2888.89,2363.64,2820.10,2414.04,2137.19,2101.98,2101.98,2325.51,2101.98,2101.98,2325.51,2055.48,2280.35,2000.00,1911.56,2414.04,2403.70,2490.35,1871.52,1815.92,1612.45,1609.36,1871.52,
1706.98,1785.69,1699.67,1871.52,1644.38,1609.36,1911.56,1815.92,1937.93,1785.69,1815.92,2000.00,1937.93,2000.00,1661.08,2871.22,3152.96,2600.00,2600.00,3152.96,2490.35,2414.04,2101.98,2221.33,2403.70,2325.51,1911.56,2075.03,2549.51,2280.35,2075.03,2151.78,2221.33,2403.70,2325.51,2000.00,1994.11,1706.98,1871.52,1932.56,
1706.98,1706.98,1760.94,1866.69,1785.69,2000.00,1871.52,1661.08,1866.69,1785.69,1815.92,2101.98,1644.38,1699.67,1815.92,2820.10,2888.89,2353.93,2820.10,2871.22,2221.33,2055.48,2325.51,2525.34,2280.35,1976.74,2353.93,2325.51,2055.48,2280.35,2403.70,2280.35,2325.51,2075.03,2075.03,1644.38,1760.94,1760.94,1815.92,1609.36,
1785.69,1785.69,2055.48,1699.67,1706.98,1937.93,1866.69,1748.95,1994.11,1661.08,1748.95,1706.98,1661.08,1609.36,1661.08,2325.51,2549.51,2587.10,2325.51,2888.89,2151.78,2101.98,2101.98,2055.48,2587.10,2221.33,2325.51,1994.11,1976.74,1937.93,1937.93,2130.00,2055.48,2229.48,2101.98,1661.08,1802.78,1994.11,1937.93,1644.38,
2151.78,1866.69,1760.94,2000.00,1748.95,1661.08,1829.35,1644.38,1644.38,1760.94,1644.38,1703.32,1521.53,1866.69,1911.56,2159.18,1852.42,2363.64,2549.51,2353.93,2490.35,2820.10,2549.51,2414.04,2137.19,2137.19,2151.78,2820.10,2137.19,1911.56,2325.51,2280.35,1994.11,2151.78,2101.98,1760.94,1994.11,2151.78,2221.33,1871.52,
1994.11,2000.00,1609.36,1661.08,1802.78,1937.93,1748.95,1661.08,1802.78,1802.78,1644.38,1748.95,1871.52,1706.98,1815.92,2363.64,3250.00,2871.22,2159.18,2587.10,2101.98,2353.93,2137.19,1815.92,2820.10,2549.51,1948.78,2137.19,2549.51,2221.33,1994.11,2280.35,1871.52,2229.48,2525.34,1612.45,1866.69,1937.93,1760.94,2221.33,

1815.92,1815.92,1911.56,2000.00,1785.69,2000.00,1937.93,1948.78,2075.03,1706.98,1815.92,1994.11,1937.93,1748.95,1937.93,2888.89,3676.95,3250.00,2587.10,2549.51,2137.19,2353.93,2353.93,1976.74,2587.10,2871.22,2549.51,2101.98,2325.51,2221.33,2101.98,2101.98,2151.78,2414.04,2414.04,1937.93,2229.48,2055.48,1815.92,2151.78,
x1815.92,1866.69,1871.52,2000.00,1748.95,1815.92,1871.52,1706.98,1871.52,2151.78,1815.92,1748.95,1871.52,2000.00,1866.69,2587.10,3152.96,3250.00,2587.10,2888.89,2871.22,2325.51,2137.19,2325.51,2280.35,2820.10,2055.48,2490.35,2151.78,2871.22,2414.04,1937.93,2325.51,2639.90,2280.35,2075.03,1866.69,1760.94,1871.52,1815.92,
x2075.03,1866.69,1706.98,1911.56,2055.48,2229.48,2000.00,2075.03,1871.52,1937.93,1815.92,1911.56,1911.56,1785.69,1815.92,2871.22,3224.90,3250.00,3152.96,2871.22,3152.96,2549.51,2137.19,2587.10,2414.04,2137.19,2280.35,2325.51,2587.10,2101.98,2639.90,2906.89,2490.35,3152.96,2445.87,1948.78,2325.51,2000.00,1937.93,1866.69,
2229.48,1785.69,2221.33,1748.95,2000.00,2221.33,1871.52,2221.33,1866.69,2221.33,1994.11,1937.93,1937.93,1866.69,2325.51,2587.10,2587.10,2871.22,3224.90,2587.10,2414.04,2549.51,2639.90,2159.18,2137.19,2137.19,2325.51,3413.97,2740.64,2280.35,2130.00,2403.70,2414.04,2403.70,2221.33,1706.98,1937.93,2075.03,2130.00,1661.08,
x2490.35,2130.00,2101.98,2101.98,1815.92,1994.11,1871.52,1706.98,1815.92,1815.92,1866.69,1815.92,1871.52,1815.92,2055.48,2325.51,2888.89,2587.10,2353.93,2600.00,2820.10,2353.93,2490.35,2549.51,2325.51,2101.98,2101.98,2820.10,2490.35,3043.07,2600.00,2600.00,2221.33,2101.98,2151.78,2229.48,2130.00,1937.93,1871.52,1815.92,
2280.35,1911.56,2055.48,1760.94,2325.51,2130.00,1937.93,2075.03,1815.92,2221.33,1785.69,2221.33,1937.93,2325.51,2000.00,3224.90,2363.64,2159.18,2871.22,3250.00,2888.89,2280.35,2587.10,2549.51,2159.18,2280.35,2221.33,2587.10,2055.48,2820.10,2403.70,2280.35,2325.51,2414.04,2221.33,2130.00,1785.69,1706.98,1815.92,1748.95,
x2151.78,2325.51,1937.93,1644.38,1911.56,1815.92,2151.78,2414.04,1815.92,2000.00,2000.00,2229.48,1815.92,1937.93,1911.56,2600.00,3250.00,2820.10,2888.89,2871.22,2280.35,2820.10,2740.64,2159.18,2490.35,2549.51,2525.34,2000.00,2639.90,2871.22,2414.04,2325.51,2414.04,2075.03,2490.35,2055.48,2000.00,2075.03,1937.93,1937.93,
2221.33,1911.56,2055.48,1815.92,2075.03,2414.04,2000.00,1948.78,1815.92,2151.78,2075.03,1815.92,1785.69,1706.98,2151.78,2871.22,3250.00,3250.00,3152.96,2600.00,2740.64,2325.51,2363.64,3152.96,2587.10,2549.51,2549.51,2820.10,2587.10,2414.04,2280.35,2414.04,2414.04,2280.35,2403.70,1994.11,1760.94,1911.56,1760.94,2075.03,
1866.69,1937.93,2075.03,2000.00,1815.92,1748.95,2055.48,1748.95,1911.56,1661.08,1911.56,1748.95,1911.56,1706.98,2151.78,2414.04,2740.64,3224.90,2549.51,2871.22,2740.64,2353.93,2159.18,2325.51,2280.35,2221.33,2151.78,2587.10,2525.34,2353.93,2525.34,2490.35,1911.56,2280.35,2325.51,2151.78,1612.45,1609.36,1748.95,1661.08,
1937.93,1706.98,2221.33,1866.69,1948.78,1674.81,1815.92,1703.32,2055.48,1802.78,1937.93,1937.93,1644.38,1911.56,1644.38,2490.35,2587.10,2159.18,2600.00,2587.10,2740.64,2221.33,3152.96,2587.10,2353.93,2280.35,3152.96,1948.78,2055.48,2280.35,2490.35,2525.34,2414.04,3022.44,2280.35,1866.69,2000.00,1994.11,1815.92,2151.78,
2151.78,2030.26,1937.93,1815.92,1815.92,1815.92,2075.03,1866.69,1911.56,1994.11,1911.56,2130.00,1748.95,1866.69,1706.98,2587.10,2600.00,2600.00,2325.51,2587.10,2280.35,2221.33,2740.64,2325.51,2414.04,2490.35,2101.98,2490.35,2549.51,2363.64,2229.48,2490.35,2000.00,1994.11,2403.70,1871.52,1815.92,1760.94,1748.95,1644.38,

Adjacent buco al centro f=20kHz
1864.25,2170.51,1765.69,2912.04,2170.51,1543.38,1692.59,1715.94,2059.13,2019.14,1534.78,1579.28,2019.14,1715.94,2000.00,1414.21,1209.16,1478.37,1534.78,2000.00,1911.85,2273.92,1318.22,2059.13,2170.51,2573.91,1805.97,1911.85,2170.51,2000.00,2080.03,2000.00,1805.97,1820.03,1627.88,1805.97,2302.17,1209.16,1805.97,1318.22,
1448.80,2170.51,2000.00,1864.25,1607.91,1704.14,2273.92,1704.14,2080.03,2059.13,1704.14,2019.14,1478.37,1414.21,1765.69,1478.37,1805.97,2393.68,2000.00,2302.17,1692.59,2426.70,2573.91,2059.13,1704.14,2497.06,1627.88,2059.13,2393.68,2273.92,1820.03,2273.92,2426.70,1715.94,1579.28,1277.02,2426.70,1543.38,1478.37,1805.97,
1277.02,1820.03,1456.02,1911.85,1805.97,1579.28,1820.03,1704.14,1534.78,1448.80,1534.78,1627.88,1543.38,1579.28,1765.69,1286.95,2170.51,2170.51,1579.28,2170.51,2059.13,2273.92,2170.51,1805.97,1534.78,1579.28,2302.17,2019.14,1607.91,1627.88,1765.69,2170.51,2273.92,1805.97,2393.68,1617.80,1820.03,1318.22,1911.85,1456.02,
1704.14,1456.02,1607.91,2019.14,1627.88,1543.38,2059.13,1704.14,1579.28,1805.97,1351.88,1543.38,1765.69,1543.38,1478.37,1534.78,2170.51,1579.28,2855.49,3431.88,2273.92,2273.92,2497.06,2170.51,1692.59,1704.14,1617.80,1448.80,1864.25,2302.17,1805.97,2059.13,1765.69,1579.28,2080.03,1805.97,1543.38,2059.13,1478.37,1427.75,
1427.75,1617.80,2080.03,1805.97,1543.38,1704.14,1627.88,1456.02,1534.78,1704.14,1627.88,1692.59,1448.80,1543.38,1805.97,1911.85,2170.51,2273.92,3531.37,1534.78,1805.97,1627.88,2059.13,2426.70,1864.25,2000.00,1805.97,1820.03,2059.13,1864.25,1617.80,1864.25,2393.68,1456.02,2059.13,1534.78,1543.38,1692.59,1448.80,1478.37,
1579.28,1205.01,1864.25,1534.78,1911.85,1765.69,1543.38,1864.25,1607.91,1543.38,1715.94,1346.09,1911.85,1617.80,1579.28,2302.17,2000.00,2855.49,1394.62,1805.97,1704.14,2059.13,2000.00,2059.13,2912.04,1607.91,1579.28,1456.02,1765.69,1607.91,1805.97,1911.85,2170.51,2019.14,1607.91,1543.38,1534.78,1277.02,2170.51,1765.69,
1805.97,1911.85,1911.85,2000.00,1864.25,1607.91,2170.51,1579.28,1805.97,1351.88,1543.38,1478.37,1911.85,2019.14,1456.02,2912.04,2302.17,2059.13,1805.97,1427.75,2497.06,1820.03,2393.68,2393.68,2302.17,2000.00,1607.91,1478.37,2302.17,1911.85,1627.88,2273.92,2573.91,2080.03,2059.13,2302.17,1543.38,1715.94,1692.59,1692.59,
2059.13,1579.28,1704.14,2170.51,2170.51,1448.80,1448.80,2000.00,2393.68,1478.37,1765.69,1704.14,1805.97,1805.97,1456.02,2703.76,1394.62,1579.28,2393.68,2497.06,2273.92,1805.97,1805.97,2393.68,1820.03,1805.97,1692.59,1765.69,2019.14,1543.38,2393.68,2000.00,1765.69,1911.85,1607.91,1579.28,1478.37,2273.92,1478.37,2393.68,
1627.88,1470.80,1534.78,2080.03,2080.03,2273.92,1627.88,2000.00,1805.97,1692.59,1805.97,2273.92,1692.59,1805.97,1579.28,2170.51,1627.88,2497.06,1394.62,1456.02,2019.14,1805.97,2302.17,2059.13,2080.03,1394.62,2703.76,2302.17,2573.91,2000.00,1864.25,1715.94,1579.28,2059.13,1627.88,1470.80,1543.38,1617.80,1543.38,1692.59,
2170.51,1394.62,1692.59,2080.03,1765.69,1448.80,1534.78,1456.02,2019.14,1627.88,1394.62,1765.69,1478.37,1534.78,2170.51,1478.37,2302.17,2302.17,1369.71,1543.38,1607.91,2170.51,1470.80,2000.00,2170.51,1864.25,1864.25,1864.25,1765.69,1911.85,2080.03,1704.14,1911.85,2019.14,1456.02,1579.28,2019.14,2019.14,1805.97,1805.97,


1911.85,1805.97,1704.14,1704.14,1805.97,1692.59,1864.25,1607.91,1478.37,1805.97,2393.68,1543.38,1617.80,2059.13,1534.78,1864.25,1534.78,1427.75,2000.00,2000.00,2497.06,1534.78,1579.28,1805.97,1607.91,1715.94,2170.51,1448.80,1765.69,1627.88,2080.03,1704.14,1864.25,1864.25,1911.85,1607.91,2170.51,1704.14,1765.69,1715.94,
1427.75,1627.88,1805.97,1627.88,2059.13,1704.14,2019.14,1765.69,1478.37,1456.02,1448.80,1627.88,1543.38,1607.91,1820.03,1478.37,1369.71,1864.25,1911.85,2573.91,2019.14,2080.03,2170.51,1704.14,1579.28,1715.94,1617.80,1579.28,1715.94,2170.51,2000.00,1911.85,2912.04,1765.69,2059.13,2059.13,2000.00,1470.80,1617.80,2019.14,
1369.71,2019.14,1704.14,1607.91,2059.13,1478.37,2393.68,1579.28,1627.88,2080.03,2019.14,1911.85,1805.97,1394.62,1820.03,1427.75,1820.03,3255.76,2497.06,1692.59,2170.51,1805.97,2019.14,1704.14,2059.13,1579.28,2059.13,2393.68,1765.69,2302.17,2302.17,1579.28,1692.59,2000.00,1820.03,1427.75,1448.80,1346.09,1805.97,1607.91,
1427.75,2000.00,1427.75,1864.25,1765.69,1414.21,2059.13,2059.13,1394.62,1369.71,1805.97,1369.71,1627.88,1820.03,1692.59,1478.37,1805.97,1911.85,2273.92,1579.28,1911.85,1607.91,1456.02,1607.91,2393.68,1627.88,2573.91,1427.75,2912.04,2059.13,2059.13,1805.97,1617.80,1864.25,2080.03,2000.00,2019.14,1543.38,1579.28,1704.14,
1805.97,1579.28,2000.00,1607.91,1692.59,1765.69,1607.91,1579.28,1765.69,1346.09,1414.21,1911.85,1704.14,1911.85,1692.59,2497.06,1534.78,1286.95,2393.68,1369.71,2393.68,1715.94,1820.03,1543.38,2573.91,1911.85,1715.94,2000.00,2000.00,1765.69,1715.94,2059.13,1805.97,1765.69,1579.28,1805.97,1427.75,1820.03,2019.14,2170.51,
1765.69,2019.14,1715.94,1607.91,1765.69,1448.80,1820.03,1579.28,1248.53,1394.62,2170.51,1765.69,2080.03,1579.28,2000.00,2703.76,1394.62,1617.80,1456.02,2497.06,1607.91,1351.88,1302.31,1607.91,1704.14,1765.69,1543.38,1579.28,1765.69,1470.80,1704.14,1715.94,1911.85,2019.14,2393.68,2019.14,1456.02,1864.25,1579.28,2302.17,
1765.69,1765.69,1715.94,2000.00,1805.97,1864.25,1448.80,1369.71,2019.14,1864.25,1478.37,2059.13,1627.88,1346.09,1607.91,1579.28,1277.02,1805.97,1692.59,2426.70,1607.91,2080.03,1805.97,2302.17,2000.00,2273.92,1715.94,2019.14,1427.75,2000.00,2000.00,2000.00,1704.14,1543.38,1805.97,1617.80,1692.59,1864.25,1579.28,1704.14,
1534.78,1351.88,1805.97,1820.03,1704.14,1820.03,1864.25,1394.62,1543.38,2000.00,1427.75,1805.97,1414.21,1805.97,1456.02,1765.69,1427.75,2855.49,1617.80,2393.68,1470.80,2059.13,1617.80,2912.04,1864.25,2059.13,2019.14,2019.14,1820.03,2170.51,1579.28,1627.88,1579.28,2019.14,2059.13,2080.03,2302.17,1627.88,2019.14,1607.91,
2019.14,1478.37,1607.91,1448.80,1534.78,1911.85,1478.37,1543.38,1765.69,2273.92,1704.14,1579.28,1534.78,1704.14,1805.97,1277.02,2170.51,4038.28,1579.28,1478.37,2302.17,2855.49,1704.14,2497.06,1765.69,2059.13,2059.13,1765.69,2000.00,2000.00,2703.76,1765.69,2000.00,2703.76,2273.92,1617.80,1427.75,1478.37,2059.13,1864.25,
1911.85,1692.59,1911.85,1448.80,1456.02,1765.69,1543.38,2059.13,1805.97,1579.28,1579.28,1715.94,1805.97,2000.00,1579.28,2170.51,2497.06,1346.09,1456.02,2000.00,1911.85,1607.91,1579.28,2302.17,2393.68,1692.59,2019.14,1627.88,2855.49,2000.00,1692.59,1805.97,1765.69,1692.59,1765.69,1715.94,1579.28,1607.91,2059.13,1864.25,


f=80kHz
1658.59,2000.00,1761.46,2108.18,1569.26,1462.44,1519.50,1634.47,1618.48,1782.12,1666.35,1462.44,1581.14,1569.26,1462.44,4055.17,3571.92,3004.06,3151.65,3151.65,2828.43,2867.44,2762.04,2867.44,2381.28,2605.57,2433.10,2686.91,2828.43,2202.83,2385.86,2686.91,2478.12,2924.88,2686.91,1555.09,1508.95,1761.46,1590.57,1600.17,
1581.14,1634.47,1581.14,1390.91,1519.50,1555.09,1647.91,1569.26,1732.64,1634.47,1720.46,1441.75,1634.47,1496.34,1666.35,3151.65,3400.37,2720.29,3004.06,3022.55,2605.57,2769.19,2867.44,2262.99,2605.57,2587.82,2433.10,2587.82,2457.81,2762.04,2385.86,2124.19,2000.00,2385.86,2332.63,1496.34,1569.26,1634.47,1618.48,1555.09,
1569.26,1590.57,1647.91,1634.47,1634.47,1453.02,1390.91,1569.26,1508.95,1462.44,1519.50,1469.89,1401.02,1390.91,1409.46,2828.43,2769.19,2472.99,3194.82,3374.11,2433.10,2324.10,2262.99,2251.33,2587.82,2251.33,2433.10,2150.58,2457.81,2294.97,1902.26,2108.18,2332.63,2202.83,2251.33,1352.56,1581.14,1555.09,1508.95,1569.26,
1496.34,1519.50,1519.50,1469.89,1519.50,1475.29,1634.47,1581.14,1496.34,1352.56,1401.02,1453.02,1462.44,1496.34,1360.15,2462.84,2769.19,3194.82,2667.47,2667.47,2324.10,2381.28,2199.23,2311.48,2457.81,2381.28,2251.33,1991.94,2150.58,2202.83,1981.35,2202.83,1930.79,2171.03,2294.97,1527.87,1343.46,1462.44,1508.95,1420.95,
1601.56,1519.50,1409.46,1555.09,1352.56,1581.14,1409.46,1379.24,1409.46,1428.77,1453.02,1590.57,1658.59,1496.34,1519.50,2686.91,2345.60,2828.43,2564.72,2769.19,2262.99,2311.48,2202.83,2262.99,2095.64,2381.28,2027.59,2478.12,2525.73,2294.97,2086.37,2332.63,2059.29,2108.18,2086.37,1390.91,1581.14,1401.02,1453.02,1299.07,
1555.09,1453.02,1453.02,1508.95,1441.75,1647.91,1453.02,1581.14,1618.48,1379.24,1519.50,1453.02,1453.02,1462.44,1600.17,2262.99,2828.43,3022.55,3194.82,2950.57,2202.83,2385.86,2038.95,2686.91,2150.58,2294.97,2587.82,2150.58,2525.73,2047.59,2228.55,2133.97,2108.18,1902.26,2027.59,1519.50,1581.14,1569.26,1634.47,1441.75,
1519.50,1569.26,1401.02,1428.77,1496.34,1462.44,1409.46,1453.02,1441.75,1299.07,1469.89,1519.50,1555.09,1519.50,1569.26,2828.43,2462.84,2462.84,2363.24,2706.79,2457.81,2133.97,2525.73,2324.10,2381.28,2150.58,2150.58,2385.86,2457.81,2092.53,2171.03,2059.29,2021.98,1958.11,2086.37,1597.41,1409.46,1453.02,1481.84,1519.50,
1352.56,1401.02,1508.95,1520.69,1409.46,1496.34,1441.75,1496.34,1538.83,1581.14,1519.50,1496.34,1508.95,1519.50,1441.75,2867.44,3004.06,3004.06,2462.84,2950.57,2047.59,2092.53,2385.86,2202.83,2525.73,2092.53,2433.10,2433.10,2251.33,2525.73,2228.55,2202.83,1913.99,2332.63,2059.29,1481.84,1453.02,1462.44,1634.47,1496.34,
1538.83,1569.26,1453.02,1527.87,1618.48,1343.46,1569.26,1390.91,1618.48,1508.95,1508.95,1360.15,1555.09,1581.14,1647.91,3004.06,2564.72,3194.82,2259.08,2950.57,2385.86,1953.06,2324.10,2202.83,2324.10,2433.10,2251.33,2478.12,2294.97,2294.97,2228.55,2247.49,2202.83,2385.86,1886.18,1519.50,1352.56,1453.02,1481.84,1569.26,
1527.87,1481.84,1634.47,1647.91,1520.69,1569.26,1538.83,1453.02,1481.84,1453.02,1581.14,1462.44,1618.48,1527.87,1441.75,2236.07,2706.79,3022.55,2667.47,2605.57,2150.58,2133.97,2457.81,2381.28,2150.58,2457.81,2251.33,2202.83,2381.28,2381.28,2027.59,2059.29,2108.18,1958.11,1981.35,1462.44,1465.62,1441.75,1360.15,1462.44,

1481.84,1469.89,1519.50,1401.02,1343.46,1555.09,1453.02,1462.44,1401.02,1581.14,1441.75,1469.89,1533.93,1647.91,1590.57,2769.19,2950.57,2174.50,3022.55,2769.19,2457.81,2381.28,2385.86,2251.33,2525.73,2202.83,2324.10,2324.10,2381.28,1911.63,2086.37,1902.26,1866.11,1981.35,1958.11,1416.13,1569.26,1569.26,1409.46,1569.26,
1527.87,1441.75,1481.84,1527.87,1555.09,1555.09,1441.75,1481.84,1705.19,1666.35,1597.41,1634.47,1390.91,1569.26,1634.47,2433.10,2462.84,2828.43,2345.60,2363.24,2202.83,1950.55,2385.86,2251.33,2095.64,2092.53,2202.83,2092.53,2000.00,2202.83,2202.83,1930.79,2027.59,2385.86,2108.18,1462.44,1441.75,1555.09,1538.83,1453.02,
1618.48,1453.02,1453.02,1569.26,1687.05,1496.34,1469.89,1519.50,1634.47,1508.95,1453.02,1519.50,1469.89,1519.50,1496.34,3183.86,3619.03,2720.29,2859.51,2433.10,2324.10,2251.33,2457.81,2236.07,2262.99,2324.10,2251.33,2202.83,2828.43,2433.10,2514.91,2086.37,2202.83,2202.83,2542.22,1581.14,1555.09,1634.47,1634.47,1600.17,
1590.57,1618.48,1428.77,1647.91,1519.50,1555.09,1555.09,1453.02,1401.02,1647.91,1462.44,1519.50,1481.84,1555.09,1453.02,2520.30,2706.79,3619.03,2667.47,2950.57,2150.58,2324.10,2457.81,2520.30,2251.33,2092.53,2457.81,2262.99,2433.10,2381.28,2171.03,2086.37,1902.26,2027.59,2027.59,1600.17,1519.50,1401.02,1581.14,1555.09,
1462.44,1496.34,1519.50,1600.17,1441.75,1555.09,1590.57,1634.47,1462.44,1409.46,1600.17,1600.17,1581.14,1352.56,1555.09,3298.84,2667.47,2950.57,2859.51,3619.03,2762.04,2381.28,2686.91,2381.28,2457.81,2133.97,2092.53,2171.03,2202.83,2324.10,2059.29,2108.18,2202.83,2059.29,2228.55,1555.09,1390.91,1799.59,1519.50,1401.02,
1414.21,1687.05,1352.56,1527.87,1481.84,1401.02,1496.34,1527.87,1581.14,1581.14,1555.09,1462.44,1555.09,1720.46,1508.95,3183.86,2769.19,2950.57,2950.57,3004.06,2433.10,2324.10,2311.48,2525.73,2457.81,2202.83,2150.58,2457.81,2047.59,2457.81,2027.59,2171.03,2108.18,2108.18,2332.63,1581.14,1581.14,1634.47,1705.19,1519.50,
1600.17,1441.75,1527.87,1634.47,1600.17,1569.26,1555.09,1508.95,1687.05,1453.02,1453.02,1634.47,1555.09,1527.87,1569.26,2828.43,2706.79,2720.29,3194.82,2720.29,2605.57,2605.57,2525.73,2324.10,2251.33,2381.28,2092.53,2381.28,2294.97,2457.81,2363.24,2559.04,1981.35,2363.24,2086.37,1538.83,1618.48,1634.47,1600.17,1508.95,
1441.75,1527.87,1481.84,1453.02,1519.50,1462.44,1600.17,1600.17,1569.26,1453.02,1600.17,1687.05,1555.09,1647.91,1496.34,2564.72,3194.82,2769.19,3194.82,2828.43,2385.86,2605.57,2311.48,2525.73,2262.99,2385.86,2385.86,2381.28,2525.73,2525.73,2013.65,2108.18,2000.00,2228.55,2228.55,1441.75,1538.83,1441.75,1519.50,1799.59,
1519.50,1705.19,1618.48,1496.34,1555.09,1508.95,1519.50,1496.34,1569.26,1618.48,1555.09,1409.46,1462.44,1647.91,1496.34,2363.24,2720.29,2867.44,3400.37,3847.08,2457.81,2324.10,2262.99,2133.97,2381.28,2133.97,2433.10,2324.10,2457.81,2202.83,2059.29,2059.29,1958.11,2086.37,2133.97,1527.87,1538.83,1581.14,1508.95,1481.84,
1666.35,1581.14,1618.48,1634.47,1428.77,1475.29,1634.47,1634.47,1666.35,1634.47,1618.48,1569.26,1508.95,1453.02,1496.34,3194.82,2859.51,3004.06,2667.47,3400.37,2769.19,2262.99,2605.57,2381.28,2762.04,2199.23,2251.33,2457.81,2381.28,2385.86,2762.04,1930.79,2027.59,2202.83,2478.12,1555.09,1618.48,1496.34,1465.62,1453.02,


f=60kHz
2145.82,1843.30,2000.00,1931.48,1816.49,2114.10,2073.93,1874.94,1931.48,1912.07,2047.60,1710.20,1895.09,2073.93,2114.10,4254.29,2825.34,4750.57,3824.13,3046.18,3288.85,3288.85,2986.15,2626.43,2497.78,2510.67,2825.34,2510.67,2754.10,2342.97,2448.15,2582.93,2318.72,2807.01,2176.18,2000.00,1949.47,2073.93,1912.07,1895.09,
1902.58,1757.22,1798.72,1957.62,1831.43,2145.82,1895.09,2073.93,1778.38,2000.00,2047.60,2073.93,2096.24,1851.93,1980.59,3046.18,3279.17,3870.87,3046.18,3288.85,2497.78,2754.10,2626.43,2375.28,3023.24,2844.03,2666.99,2666.99,2672.19,2754.10,2222.73,3069.64,2448.15,2448.15,2213.78,1798.72,1874.94,2096.24,1902.58,2111.52,
1744.02,2000.00,2145.82,1874.94,1895.09,2253.39,2073.93,1798.72,1778.38,1851.93,1912.07,1991.30,1826.41,1902.58,1895.09,3550.62,3204.63,3046.18,2825.34,3143.42,3279.17,2844.03,2666.99,3380.09,2360.76,2237.90,2672.19,2497.78,2754.10,2476.74,2222.73,2582.93,2253.39,2145.82,2145.82,2111.52,2073.93,2096.24,2015.50,2017.74,
1816.49,2111.52,2000.00,1690.04,1826.41,1778.38,1871.34,1778.38,2015.50,2073.93,1798.72,2047.60,1874.94,1984.86,2114.10,2850.34,4254.29,3053.94,2986.15,2844.03,3046.18,3046.18,2318.72,2497.78,2510.67,2825.34,2666.99,2850.34,2672.19,2666.99,2176.18,2448.15,2731.52,2360.76,2288.63,1957.62,1871.34,2213.78,1778.38,1931.48,
2073.93,2202.00,1984.86,2170.56,2073.93,2111.52,1957.62,2318.72,1874.94,1980.59,2202.00,1755.74,2073.93,1798.72,1895.09,3824.13,4192.48,3456.55,2825.34,3749.87,2666.99,2626.43,2666.99,2626.43,2794.99,2850.34,2375.28,2794.99,2844.03,3046.18,2651.56,2704.07,2476.74,2176.18,2202.00,1895.09,2000.00,1851.93,1798.72,1755.74,
1874.94,2145.82,2170.56,1902.58,2145.82,1912.07,1949.47,1902.58,1871.34,1778.38,2073.93,1826.41,2000.00,1984.86,2047.60,2651.56,2626.43,4095.20,3870.87,2844.03,2850.34,2850.34,2651.56,3046.18,2666.99,2986.15,2222.73,2672.19,2202.00,2371.63,2390.08,2448.15,2646.47,2515.01,2371.63,2288.63,2000.00,1690.04,1895.09,2111.52,
1755.74,1843.30,1895.09,2288.63,1984.86,1798.72,2176.18,1826.41,2017.74,1902.58,2145.82,2073.93,2412.81,2111.52,2111.52,3870.87,3053.94,3288.85,3250.61,3380.09,2510.67,3023.24,2986.15,2794.99,2825.34,2371.63,3023.24,3023.24,2237.90,2360.76,2646.47,2213.78,2876.02,2202.00,2237.90,1798.72,1895.09,2096.24,2288.63,2000.00,
2176.18,1984.86,2170.56,2288.63,1949.47,1931.48,1755.74,1895.09,1851.93,2096.24,1831.43,2145.82,2288.63,2073.93,1816.49,3053.94,3562.93,3046.18,3053.94,3870.87,2497.78,2844.03,2342.97,2986.15,2936.43,2850.34,2794.99,2375.28,2318.72,2986.15,2582.93,2213.78,2145.82,2592.41,2704.07,1912.07,1895.09,1843.30,1935.43,1949.47,
2202.00,1980.59,1874.94,1851.93,1769.22,1778.38,2047.60,1871.34,1874.94,1984.86,2202.00,1826.41,2253.39,2124.52,2073.93,3046.18,2850.34,3279.17,2666.99,2754.10,2794.99,2825.34,2844.03,2360.76,2360.76,3046.18,2515.01,3023.24,3143.42,2497.78,2202.00,2073.93,2476.74,2592.41,2497.78,2073.93,1851.93,1798.72,1755.74,2096.24,
1778.38,1831.43,2114.10,2015.50,1826.41,2213.78,1912.07,2253.39,2073.93,2047.60,1826.41,2176.18,1851.93,2253.39,2202.00,2986.15,2651.56,3749.87,3824.13,3143.42,2510.67,2375.28,2371.63,3250.61,2850.34,2342.97,2592.41,2844.03,2510.67,2371.63,2646.47,2704.07,2318.72,2807.01,2288.63,2111.52,1902.58,1728.27,2213.78,1798.72,


1826.41,2017.74,1798.72,1984.86,1957.62,1931.48,1874.94,1984.86,2114.10,2111.52,2073.93,2170.56,1798.72,2033.65,2202.00,3023.24,3550.62,3279.17,4254.29,3069.64,2360.76,2850.34,3046.18,2497.78,2666.99,2850.34,2825.34,2510.67,2371.63,2592.41,2253.39,2754.10,2807.01,2202.00,2342.97,1912.07,1798.72,1851.93,2033.65,2176.18,
1931.48,2127.15,2145.82,2176.18,2000.00,1778.38,2073.93,1798.72,2000.00,1931.48,2145.82,2096.24,1874.94,2047.60,1980.59,2754.10,4095.20,3279.17,3870.87,2844.03,3023.24,2342.97,3204.63,2986.15,2497.78,2375.28,2626.43,2794.99,2318.72,2592.41,2111.52,2704.07,2325.57,2448.15,2202.00,1798.72,1957.62,2176.18,2275.62,2213.78,
2111.52,2111.52,2000.00,2202.00,1874.94,1798.72,1984.86,1851.93,2017.74,2213.78,1984.86,1728.27,1931.48,1874.94,1826.41,3204.63,3550.62,3969.71,2936.43,3204.63,3046.18,2497.78,2844.03,2986.15,2651.56,2371.63,2510.67,2371.63,2515.01,2360.76,2202.00,2582.93,2502.05,2096.24,2626.43,1874.94,1798.72,1984.86,2111.52,1984.86,
1851.93,1912.07,2026.79,1935.43,1957.62,1816.49,2073.93,2253.39,2275.62,2325.57,1895.09,2033.65,2000.00,1778.38,2017.74,3053.94,3749.87,2651.56,4275.51,4637.44,2515.01,3023.24,2375.28,2342.97,2666.99,2371.63,2754.10,2794.99,3250.61,3053.94,2646.47,2145.82,2592.41,2626.43,2253.39,1912.07,1755.74,2114.10,2145.82,2288.63,
2047.60,1798.72,1851.93,1871.34,1851.93,1980.59,1798.72,1778.38,2318.72,1957.62,2015.50,1838.19,2015.50,2073.93,2114.10,2825.34,2666.99,4254.29,3824.13,3053.94,2844.03,2476.74,2360.76,2371.63,2360.76,2510.67,3023.24,2371.63,2850.34,2825.34,2111.52,2448.15,2448.15,2876.02,2592.41,1851.93,2000.00,2202.00,1980.59,1851.93,
1851.93,1984.86,1949.47,2000.00,2096.24,1778.38,1755.74,2213.78,1826.41,2145.82,1984.86,2033.65,1798.72,2073.93,2111.52,3053.94,3870.87,3288.85,3870.87,2986.15,2510.67,3250.61,3023.24,2375.28,3046.18,2515.01,2371.63,2844.03,2936.43,3023.24,2390.08,2213.78,2275.62,2202.00,2550.56,2111.52,1851.93,2202.00,2145.82,2033.65,
2073.93,1816.49,2176.18,1931.48,1931.48,1871.34,2073.93,2111.52,1826.41,1902.58,1980.59,1816.49,2176.18,1912.07,1984.86,4254.29,3870.87,3143.42,3824.13,4275.51,2510.67,2371.63,3279.17,2850.34,2515.01,2825.34,2672.19,2844.03,2666.99,2360.76,2476.74,2582.93,2318.72,2145.82,2448.15,1931.48,1710.20,2111.52,1826.41,2412.81,
1871.34,1851.93,2325.57,2073.93,1912.07,2047.60,1895.09,2213.78,2073.93,2073.93,2288.63,2096.24,1874.94,2017.74,2073.93,2936.43,3886.83,2986.15,3749.87,3069.64,3053.94,2497.78,3023.24,3046.18,3204.63,2986.15,2592.41,3204.63,2626.43,3023.24,2145.82,2342.97,2176.18,2390.08,2390.08,1984.86,2111.52,2096.24,1980.59,1931.48,
2047.60,1798.72,2288.63,1895.09,1949.47,1991.30,2033.65,2213.78,1798.72,1902.58,1798.72,2111.52,1984.86,2073.93,2253.39,3023.24,3046.18,3143.42,3288.85,3886.83,2651.56,2510.67,3250.61,2476.74,2510.67,2754.10,2510.67,3046.18,2592.41,3023.24,2124.52,2794.99,2145.82,2412.81,2986.15,1831.43,1902.58,1949.47,1778.38,1931.48,
2047.60,2176.18,2017.74,1646.87,2073.93,2213.78,2253.39,2288.63,1895.09,2213.78,1851.93,1816.49,1816.49,2000.00,2047.60,2651.56,4254.29,2825.34,2986.15,3969.71,2497.78,2497.78,2371.63,2794.99,3046.18,2626.43,3046.18,3069.64,2510.67,2360.76,2448.15,2329.02,2448.15,2582.93,2582.93,1755.74,2202.00,1816.49,2145.82,2096.24,


f=40kHz
1811.33,1381.48,2119.51,2701.85,965.87,1003.44,1310.59,2668.70,1173.61,2119.51,1091.71,1299.18,1419.08,2072.23,1003.44,2369.68,1579.79,1811.33,2547.33,1280.80,2187.89,1032.32,1000.00,1270.14,2809.25,1636.73,1129.21,1080.74,1220.57,1157.35,2119.51,1419.08,2072.23,1121.88,1419.08,2072.23,1801.23,2701.85,965.87,829.87,
1419.08,998.29,978.46,1173.61,1019.39,2547.33,1121.88,959.76,1091.71,1041.87,1310.59,2072.23,1220.57,1547.08,976.86,2119.51,1334.35,4739.36,2187.89,1003.44,1853.45,1986.44,1853.45,2547.33,2072.23,1149.46,3173.16,1220.57,2701.85,1853.45,2441.14,2369.68,1404.63,1270.14,3417.60,2416.61,1586.58,2119.51,1363.77,1049.71,
1202.31,1005.18,2547.33,1270.14,1853.45,1801.23,1220.57,1117.08,3417.60,965.87,1273.66,1363.77,3020.76,976.86,1853.45,1299.18,2701.85,2701.85,2701.85,1314.46,1256.34,1465.28,2930.57,1059.75,5403.70,2668.70,1675.62,3820.99,1700.32,1149.46,1208.30,4144.45,1547.08,1424.00,1208.30,1547.08,1006.92,1149.46,1005.18,1098.46,
1853.45,1026.72,2416.61,2441.14,1100.74,2347.22,1098.46,1049.71,1193.48,1414.21,2000.00,1184.84,3417.60,2347.22,2701.85,1853.45,1659.73,1986.44,1528.40,3351.23,1404.63,1310.59,3351.23,1299.18,2187.89,1887.05,1157.35,1256.34,3173.16,1314.46,1184.84,1217.47,1208.30,1465.28,2119.51,1299.18,1363.77,1149.46,1528.40,1708.80,
929.46,2930.57,2809.25,1887.05,1256.34,1459.93,2701.85,1157.35,1049.71,1299.18,947.87,1459.93,1280.80,2701.85,2701.85,1853.45,5696.00,1129.21,1459.93,1659.73,998.29,1217.47,2416.61,1399.90,2701.85,1726.15,4144.45,2547.33,1498.72,1100.74,1299.18,1280.80,1149.46,4739.36,1256.34,1675.62,2243.77,2369.68,1184.84,1363.77,
2243.77,2119.51,1208.30,1579.79,1080.74,965.87,1273.66,1299.18,1853.45,2369.68,2930.57,2416.61,1005.18,1184.84,2072.23,1310.59,1217.47,2187.89,1068.00,1299.18,3417.60,1136.68,3173.16,1310.59,1299.18,2668.70,1173.61,1853.45,1121.88,1607.50,1528.40,1342.56,2013.84,1299.18,1350.93,2668.70,1119.47,3417.60,1091.71,1208.30,
1059.75,1659.73,1314.46,1059.75,1270.14,1465.28,1547.08,1256.34,1299.18,1019.39,1057.72,1256.34,1659.73,1049.71,2187.89,4027.68,2187.89,2547.33,1363.77,2119.51,1193.48,1208.30,4739.36,2701.85,1299.18,2013.84,3417.60,2668.70,1853.45,2072.23,1700.32,1404.63,1139.20,3417.60,2000.00,1184.84,1314.46,1708.80,1708.80,1117.08,
1098.46,1887.05,1005.18,1157.35,1547.08,1853.45,1184.84,2072.23,2000.00,1273.66,2000.00,1498.72,1547.08,1256.34,1270.14,1579.79,1910.50,1208.30,5696.00,2369.68,1217.47,1314.46,2809.25,1256.34,1334.35,1853.45,2668.70,1726.15,1230.02,2369.68,1579.79,1299.18,1280.80,1399.90,1898.67,2668.70,1579.79,1230.02,1465.28,1363.77,
1006.92,1280.80,1986.44,2930.57,1424.00,1465.28,1404.63,2668.70,2000.00,1310.59,1811.33,1334.35,1003.44,1032.32,1735.02,3417.60,1528.40,1136.68,1217.47,1299.18,1853.45,1193.48,1726.15,1675.62,1547.08,1607.50,7641.99,3820.99,1419.08,1057.72,2441.14,2072.23,1498.72,4144.45,1334.35,2013.84,1041.87,1310.59,1256.34,1579.79,
3173.16,1414.21,1528.40,1026.72,2369.68,1136.68,1091.71,1675.62,2701.85,1659.73,955.25,2119.51,1098.46,1334.35,3020.76,1193.48,2547.33,1528.40,1136.68,1498.72,1350.93,1173.61,1314.46,1193.48,1314.46,1208.30,1607.50,2441.14,1399.90,3351.23,1256.34,1399.90,1528.40,1173.61,1700.32,2000.00,3417.60,1157.35,1119.47,1121.88,
2369.68,1026.72,1202.31,1986.44,1853.45,1801.23,1659.73,1404.63,2187.89,1910.50,2701.85,1208.30,1256.34,2547.33,1041.87,1208.30,2119.51,3351.23,1735.02,1811.33,2072.23,2547.33,4272.00,1404.63,1273.66,1887.05,1419.08,1136.68,1419.08,1299.18,1280.80,1607.50,4144.45,1208.30,1419.08,947.87,1098.46,1528.40,1314.46,1139.20,
3417.60,1000.00,1334.35,1100.74,2369.68,1910.50,1270.14,2668.70,1091.71,1547.08,1003.44,1404.63,1528.40,1404.63,1149.46,4272.00,2809.25,1193.48,1986.44,2848.00,1726.15,4027.68,1342.56,5403.70,2848.00,2347.22,2668.70,1553.46,2347.22,1139.20,1465.28,3173.16,3351.23,1202.31,1091.71,1547.08,1117.08,2668.70,947.87,1314.46,
1459.93,2119.51,1193.48,1080.74,2416.61,1528.40,1193.48,1059.75,930.84,1184.84,976.86,2668.70,965.87,1080.74,1910.50,3173.16,1273.66,2119.51,1256.34,2416.61,1129.21,1080.74,1310.59,1193.48,1310.59,4144.45,2809.25,1136.68,1887.05,2013.84,1404.63,1700.32,1098.46,2119.51,1208.30,1986.44,2930.57,1184.84,1098.46,1659.73,
1202.31,1735.02,978.46,1000.00,1528.40,1091.71,1041.87,1910.50,1226.85,1049.71,1230.02,1049.71,1184.84,965.87,1310.59,2243.77,2347.22,3417.60,4272.00,1986.44,1217.47,1853.45,1149.46,1273.66,5696.00,3820.99,1853.45,1310.59,1100.74,3417.60,1419.08,1208.30,1419.08,2848.00,1811.33,1157.35,3020.76,1636.73,1273.66,1801.23,

955.25,2930.57,2441.14,1528.40,1280.80,1226.85,1801.23,2416.61,978.46,2930.57,2668.70,2668.70,1404.63,3173.16,1057.72,1117.08,1310.59,1465.28,1801.23,1498.72,1226.85,3020.76,1068.00,1381.48,1735.02,3417.60,1547.08,2013.84,1726.15,1217.47,2701.85,1208.30,3351.23,1708.80,3820.99,1139.20,1193.48,1853.45,1230.02,1184.84,
1091.71,2119.51,1414.21,1280.80,2119.51,1119.47,1121.88,976.86,1100.74,1202.31,1414.21,2243.77,1139.20,1547.08,1334.35,2547.33,5403.70,1498.72,1735.02,1659.73,1299.18,2701.85,1607.50,3173.16,1607.50,1299.18,2013.84,1256.34,1256.34,4144.45,1528.40,1424.00,2441.14,1553.46,2072.23,1173.61,1226.85,993.22,1270.14,1100.74,
1314.46,1310.59,1005.18,976.86,1675.62,1139.20,1049.71,1310.59,1586.58,2072.23,1005.18,1424.00,1350.93,1049.71,1093.95,1139.20,5696.00,1314.46,3351.23,3417.60,1310.59,2369.68,4739.36,1465.28,3351.23,1100.74,1700.32,2000.00,2072.23,1404.63,1465.28,1091.71,2000.00,1887.05,2119.51,1149.46,1026.72,2701.85,2809.25,3820.99,
1735.02,1314.46,1049.71,1801.23,1041.87,1528.40,1528.40,1910.50,1579.79,1005.18,2668.70,1700.32,1230.02,1006.92,2243.77,2668.70,1528.40,1299.18,1381.48,1811.33,1217.47,1129.21,2187.89,2668.70,3020.76,1136.68,1310.59,3417.60,2547.33,2809.25,3417.60,1157.35,1121.88,1256.34,1424.00,2701.85,2000.00,2369.68,1256.34,1093.95,
3820.99,1202.31,978.46,3417.60,1202.31,2930.57,1005.18,1735.02,1299.18,1121.88,1059.75,1049.71,1041.87,1119.47,2416.61,2369.68,4272.00,3820.99,2119.51,2000.00,1280.80,3820.99,1149.46,1310.59,2668.70,1498.72,2416.61,2000.00,4272.00,1498.72,1579.79,1898.67,1184.84,3417.60,1579.79,2809.25,1280.80,1528.40,1129.21,1230.02,
1553.46,1528.40,1049.71,1310.59,2930.57,1910.50,1139.20,1041.87,1675.62,1273.66,2072.23,1059.75,1528.40,1675.62,959.76,1459.93,4144.45,1173.61,1299.18,1256.34,4144.45,3417.60,1136.68,1528.40,1801.23,2809.25,3173.16,1607.50,2000.00,1057.72,1399.90,1184.84,1801.23,1208.30,1708.80,1230.02,1314.46,2119.51,1280.80,1498.72,
2809.25,1986.44,965.87,1404.63,2416.61,1049.71,2668.70,1586.58,1149.46,1100.74,1041.87,3417.60,2072.23,2701.85,976.86,1424.00,1136.68,2369.68,2701.85,5403.70,1310.59,1256.34,1139.20,1498.72,1801.23,1399.90,1853.45,4272.00,1256.34,1173.61,1498.72,1547.08,4144.45,3020.76,1208.30,1363.77,965.87,965.87,2547.33,2187.89,
1059.75,1414.21,1049.71,1005.18,1006.92,947.87,1459.93,1080.74,1735.02,1310.59,2119.51,2369.68,1636.73,1121.88,2547.33,3173.16,1220.57,3820.99,1659.73,2119.51,1853.45,2187.89,1708.80,1217.47,1273.66,1310.59,1217.47,2347.22,3417.60,1887.05,2347.22,1256.34,1270.14,1424.00,1193.48,1157.35,1579.79,1041.87,1586.58,1100.74,
1059.75,1853.45,2187.89,959.76,2701.85,1157.35,1887.05,3173.16,2369.68,1049.71,1049.71,2119.51,2930.57,978.46,1100.74,2369.68,1381.48,1208.30,1193.48,1068.00,1117.08,1399.90,3351.23,1314.46,3173.16,1887.05,2000.00,1986.44,3820.99,1226.85,1853.45,3351.23,1299.18,1547.08,4144.45,1404.63,1149.46,1026.72,1310.59,1735.02,
959.76,1735.02,1093.95,2347.22,1636.73,1226.85,1100.74,2701.85,1547.08,1149.46,1041.87,3020.76,1208.30,1675.62,1091.71,1528.40,1256.34,3020.76,3173.16,5403.70,1801.23,1310.59,1273.66,1273.66,1217.47,1419.08,4272.00,1273.66,1208.30,1217.47,1280.80,1419.08,1399.90,2416.61,1510.38,1459.93,1299.18,959.76,1811.33,2347.22,
2243.77,2119.51,1853.45,1006.92,1310.59,2416.61,1675.62,1636.73,2243.77,1910.50,1080.74,978.46,2547.33,1910.50,2072.23,2809.25,2441.14,2119.51,1129.21,3020.76,1310.59,1256.34,1853.45,1193.48,1280.80,2347.22,1607.50,2072.23,2347.22,1498.72,4739.36,3020.76,4739.36,2930.57,1136.68,1003.44,1350.93,2930.57,2347.22,1217.47,


f=40kHz opposite
1136.68,1068.00,3020.76,3417.60,1280.80,1129.21,2243.77,1117.08,2119.51,1399.90,2369.68,4027.68,1080.74,2119.51,2668.70,1080.74,2243.77,1041.87,2547.33,1510.38,4739.36,3417.60,2243.77,1424.00,2000.00,1350.93,1700.32,1310.59,1528.40,2243.77,1700.32,1659.73,
5403.70,1586.58,2119.51,1193.48,1414.21,2187.89,3173.16,1173.61,2701.85,1310.59,1334.35,2369.68,1898.67,1350.93,1230.02,2930.57,1270.14,2369.68,1310.59,2809.25,1498.72,1217.47,1059.75,2243.77,1910.50,2416.61,1607.50,2416.61,1119.47,1270.14,1280.80,1498.72,
1220.57,1414.21,2701.85,2701.85,1579.79,1708.80,1217.47,3173.16,1586.58,1801.23,1129.21,1350.93,1193.48,2369.68,1414.21,1006.92,2187.89,1553.46,1334.35,1547.08,1299.18,1280.80,2809.25,1121.88,1910.50,1270.14,1273.66,2809.25,1363.77,2243.77,1226.85,976.86,
3417.60,3820.99,1910.50,1173.61,1708.80,2547.33,2119.51,1708.80,2416.61,1217.47,1299.18,1299.18,2000.00,959.76,959.76,3820.99,2119.51,2347.22,3020.76,1208.30,1607.50,2848.00,2416.61,3820.99,1119.47,1910.50,1157.35,2809.25,1041.87,1091.71,2930.57,1801.23,
1381.48,1217.47,3417.60,2187.89,1310.59,1528.40,3351.23,4272.00,1065.92,4272.00,1217.47,1801.23,1887.05,2547.33,1093.95,3820.99,3173.16,1510.38,1149.46,1547.08,2119.51,1217.47,1256.34,1314.46,1399.90,1498.72,4144.45,1280.80,1003.44,1419.08,1547.08,993.22,
1459.93,1065.92,2848.00,1173.61,3173.16,1314.46,4739.36,3351.23,3417.60,1136.68,2243.77,1193.48,1273.66,965.87,2243.77,2136.00,1553.46,1898.67,2701.85,1310.59,1202.31,1184.84,1299.18,1310.59,1887.05,1193.48,1708.80,2369.68,1121.88,1735.02,3173.16,2347.22,
1659.73,3173.16,2547.33,1498.72,1586.58,4144.45,1811.33,1381.48,1528.40,1498.72,1986.44,1498.72,947.87,1080.74,1853.45,1119.47,1553.46,3351.23,1399.90,2369.68,1080.74,2416.61,1579.79,2347.22,1208.30,1149.46,1149.46,1708.80,1498.72,1801.23,1193.48,1256.34,
3417.60,4144.45,5403.70,1414.21,3417.60,2809.25,1659.73,2547.33,1139.20,3417.60,2930.57,1910.50,1091.71,1256.34,2119.51,1208.30,1659.73,1270.14,4739.36,1208.30,1350.93,1910.50,1528.40,3417.60,1547.08,1149.46,1700.32,4739.36,1149.46,1119.47,3351.23,1910.50,
1136.68,2416.61,2930.57,1986.44,2369.68,2187.89,1220.57,2187.89,1708.80,4144.45,4272.00,1659.73,1636.73,2416.61,3173.16,1119.47,1498.72,2547.33,1299.18,1139.20,1256.34,1208.30,1399.90,1193.48,1498.72,1093.95,2119.51,2119.51,1003.44,1149.46,1057.72,2119.51,
1059.75,2701.85,1465.28,4144.45,2243.77,1811.33,1811.33,2243.77,1173.61,4272.00,1310.59,1350.93,1006.92,1139.20,1041.87,1230.02,1700.32,1898.67,1424.00,1129.21,1465.28,1256.34,3417.60,1157.35,1419.08,1419.08,1547.08,1157.35,1350.93,2119.51,1139.20,993.22,

5403.70,1528.40,1350.93,2701.85,1528.40,1310.59,1528.40,1419.08,6041.52,3820.99,4027.68,4144.45,2369.68,1273.66,1404.63,976.86,1270.14,2547.33,1193.48,2013.84,1032.32,1498.72,1607.50,1220.57,2930.57,1465.28,1334.35,1853.45,1093.95,1256.34,3173.16,1801.23,
1811.33,1465.28,1404.63,1414.21,2119.51,1910.50,1586.58,1350.93,1708.80,1801.23,2416.61,5696.00,1217.47,1226.85,1735.02,1093.95,2848.00,1202.31,1119.47,2809.25,1193.48,4739.36,1256.34,1547.08,1547.08,1708.80,1708.80,1193.48,1049.71,1193.48,2369.68,1363.77,
1910.50,2701.85,1735.02,1735.02,1735.02,1217.47,3351.23,1498.72,1136.68,3417.60,2668.70,3417.60,1032.32,1098.46,965.87,1700.32,1273.66,1547.08,2369.68,2701.85,1080.74,1659.73,1708.80,3351.23,1528.40,1314.46,1202.31,1310.59,1184.84,1270.14,1121.88,3820.99,
2547.33,2668.70,3820.99,3173.16,2547.33,2547.33,3417.60,7641.99,2701.85,4739.36,1310.59,1910.50,3173.16,1080.74,1414.21,1528.40,1119.47,1342.56,1419.08,1310.59,2136.00,2930.57,3020.76,1424.00,1273.66,1334.35,1059.75,1579.79,1256.34,929.46,1093.95,1230.02,
1404.63,1986.44,3351.23,1280.80,4272.00,1853.45,1910.50,4272.00,1579.79,1280.80,1129.21,3417.60,1735.02,2072.23,1528.40,2243.77,2243.77,1299.18,3417.60,1675.62,1342.56,1465.28,1202.31,3020.76,3820.99,1310.59,2072.23,1208.30,2547.33,1049.71,959.76,1139.20,
1059.75,1256.34,1208.30,1986.44,3417.60,1659.73,1735.02,1299.18,2119.51,1220.57,1226.85,3820.99,3417.60,1314.46,1419.08,1093.95,1898.67,6041.52,1659.73,1157.35,1256.34,1708.80,3351.23,1193.48,2701.85,1149.46,1579.79,3020.76,1498.72,1350.93,1041.87,2000.00,
1381.48,2369.68,3173.16,3820.99,2369.68,1910.50,1226.85,1986.44,3417.60,1314.46,1350.93,1498.72,1528.40,1006.92,1280.80,4739.36,1314.46,1100.74,1853.45,4144.45,1173.61,1230.02,1173.61,1898.67,1208.30,1080.74,1700.32,1100.74,1080.74,1003.44,1091.71,1636.73,
1735.02,1636.73,1314.46,1117.08,3173.16,1579.79,2119.51,1498.72,4027.68,1659.73,1811.33,1910.50,2930.57,1193.48,1036.11,1887.05,1381.48,1381.48,1419.08,3820.99,2809.25,2416.61,1117.08,1256.34,1419.08,1910.50,2369.68,1659.73,1350.93,4027.68,3020.76,1005.18,
1193.48,1579.79,1459.93,1208.30,3173.16,3351.23,3417.60,1579.79,4739.36,1136.68,1801.23,3417.60,1498.72,2441.14,1853.45,1098.46,1547.08,1226.85,1273.66,1314.46,1184.84,1080.74,3351.23,2809.25,1334.35,1547.08,3820.99,2416.61,1041.87,1121.88,1059.75,1098.46,
2809.25,1811.33,1636.73,3417.60,1208.30,1299.18,1193.48,1586.58,2187.89,2547.33,1280.80,2119.51,3820.99,1006.92,1363.77,2701.85,1208.30,1270.14,1139.20,1193.48,1059.75,3820.99,2119.51,2668.70,1256.34,1299.18,2809.25,1675.62,1184.84,1080.74,1005.18,1419.08,

f=90kHz
1990.07,2141.76,1937.10,2110.53,2425.36,1860.16,2169.30,1990.07,1937.10,1990.07,1881.44,1860.16,1961.16,1937.10,1836.49,5198.75,6984.30,5270.46,6201.74,5872.20,3287.98,3922.32,3429.97,3663.72,4000.00,3287.98,4343.72,3429.97,3219.11,3492.15,2936.10,2955.27,2768.18,2667.85,2768.18,1937.10,2082.88,2110.53,2110.53,1957.40,
1881.44,1910.40,2208.63,1860.16,1881.44,2091.98,1860.16,2047.65,2020.30,2020.30,2169.30,2020.30,1982.24,2047.65,1961.16,4207.03,5270.46,5270.46,4850.71,5198.75,3663.72,3146.58,4134.49,3922.32,3219.11,3663.72,3210.81,3922.32,3834.83,3123.47,3400.10,2880.76,2880.76,2828.43,3123.47,1860.16,1910.40,2110.53,2141.76,1990.07,
2047.65,2076.14,2076.14,2047.65,2076.14,1990.07,1836.49,1910.40,2169.30,2169.30,1881.44,1881.44,2110.53,1990.07,1910.40,6984.30,6201.74,4517.54,5725.98,5270.46,4134.49,3287.98,4134.49,4000.00,3922.32,3333.33,3429.97,4000.00,3663.72,3535.53,3615.51,2828.43,2711.63,3352.01,3333.33,2244.50,2039.12,2208.63,1957.40,2315.58,
2357.02,2141.76,1982.24,2208.63,1990.07,2169.30,2047.65,1860.16,2047.65,1881.44,2141.76,2110.53,1957.40,2110.53,1860.16,5270.46,5725.98,5198.75,5423.26,5000.00,3701.17,3701.17,3492.15,3922.32,3100.87,3834.83,5000.00,3701.17,3219.11,2929.79,2857.14,3123.47,2880.76,2768.18,2768.18,1982.24,2076.14,2141.76,2169.30,1860.16,
1990.07,2244.50,2110.53,1910.40,2222.22,1957.40,1881.44,2020.30,2020.30,1910.40,1881.44,1982.24,1937.10,2208.63,2244.50,5270.46,5198.75,5547.00,4740.45,5198.75,3492.15,3429.97,3834.83,3834.83,3713.91,3492.15,3834.83,3333.33,3663.72,3123.47,2617.12,2828.43,2880.76,3008.28,3008.28,1910.40,2276.26,1910.40,1990.07,2020.30,
2020.30,2076.14,2039.12,1982.24,2244.50,1961.16,1961.16,1937.10,2047.65,1961.16,2076.14,1961.16,1990.07,2071.68,1937.10,5270.46,5198.75,5270.46,5547.00,5547.00,4343.72,3922.32,4343.72,3569.15,3287.98,3440.10,3100.87,3333.33,3429.97,3834.83,3008.28,2523.77,3123.47,2923.53,3123.47,1990.07,2076.14,2141.76,1961.16,2169.30,
1961.16,1990.07,1990.07,2110.53,2020.30,2169.30,1982.24,1961.16,2076.14,2141.76,1910.40,2020.30,1961.16,1961.16,1990.07,6984.30,4472.14,5198.75,5270.46,4740.45,4207.03,3713.91,3569.15,3713.91,3492.15,4134.49,3429.97,3701.17,3440.10,3219.11,2701.72,2828.43,2955.27,3287.98,3287.98,2110.53,2076.14,1957.40,2169.30,1910.40,
2047.65,2020.30,1910.40,1910.40,2110.53,2047.65,2076.14,2047.65,2110.53,1937.10,1990.07,1881.44,1860.16,2047.65,2020.30,5547.00,5725.98,4740.45,5270.46,5725.98,3922.32,4740.45,3663.72,3663.72,3922.32,3219.11,3123.47,2929.79,3333.33,3701.17,3071.48,3287.98,3071.48,3210.81,3352.01,1990.07,2141.76,2169.30,1910.40,2039.12,
2047.65,1961.16,2020.30,2020.30,2169.30,2192.64,1860.16,1961.16,1982.24,1937.10,1860.16,1900.03,2091.98,1881.44,1961.16,4850.71,6666.67,5198.75,5725.98,6984.30,4134.49,4000.00,3287.98,3569.15,3100.87,3219.11,4000.00,3429.97,3701.17,3440.10,2828.43,3186.26,2711.63,3210.81,3287.98,1990.07,2020.30,2141.76,1990.07,2270.38,
2071.68,2110.53,1990.07,1990.07,1910.40,1937.10,1990.07,2071.68,1937.10,1937.10,2169.30,1982.24,1990.07,1836.49,2110.53,5270.46,5725.98,5547.00,6666.67,4740.45,4472.14,3834.83,3333.33,4000.00,4740.45,3701.17,3429.97,3028.91,3333.33,3663.72,2667.85,2667.85,2923.53,2667.85,3352.01,2110.53,2169.30,1860.16,1982.24,2071.68,


1937.10,2244.50,2039.12,1937.10,2169.30,2071.68,2020.30,1982.24,1836.49,1937.10,2110.53,1836.49,1910.40,2208.63,1990.07,7905.69,4517.54,5547.00,5725.98,5198.75,3922.32,3922.32,4000.00,3663.72,3287.98,3123.47,3210.81,3429.97,3440.10,3569.15,2768.18,3008.28,3008.28,2667.85,3333.33,1910.40,2047.65,2110.53,1957.40,2208.63,
1881.44,2127.18,1937.10,2020.30,1881.44,2071.68,1860.16,1957.40,1982.24,2110.53,2047.65,1807.75,2110.53,1881.44,2110.53,5725.98,4343.72,5547.00,5872.20,4850.71,3287.98,3834.83,4207.03,3663.72,3834.83,3663.72,3429.97,3287.98,3219.11,3922.32,2955.27,3287.98,3162.28,3008.28,3008.28,1961.16,2480.69,1990.07,1937.10,2039.12,
1990.07,2141.76,2020.30,1961.16,2110.53,2110.53,1982.24,1881.44,2047.65,1881.44,2127.18,1807.75,2020.30,1703.75,1961.16,6984.30,6201.74,5270.46,5872.20,6324.55,3569.15,3663.72,3440.10,3922.32,3569.15,3100.87,3663.72,3287.98,3834.83,3219.11,3071.48,2523.77,3287.98,2747.21,2923.53,2020.30,1982.24,2110.53,1810.71,2208.63,
1990.07,1937.10,1910.40,2020.30,2141.76,1961.16,1990.07,2110.53,2169.30,1937.10,2110.53,2110.53,1881.44,2020.30,2192.64,4517.54,5872.20,5547.00,4740.45,4740.45,2981.42,4472.14,3100.87,3569.15,3569.15,4343.72,3820.80,3333.33,3569.15,3219.11,2880.76,3352.01,2828.43,2936.10,2880.76,2141.76,1961.16,1836.49,2047.65,2110.53,
1961.16,2141.76,1910.40,2076.14,2039.12,1881.44,1982.24,1881.44,2141.76,1910.40,2169.30,1836.49,2071.68,1881.44,1990.07,5198.75,5725.98,5198.75,6666.67,6201.74,3492.15,3663.72,4740.45,3429.97,3333.33,3100.87,4000.00,3210.81,3100.87,3219.11,2936.10,2701.72,2936.10,3123.47,3333.33,2039.12,2110.53,2270.38,1937.10,2127.18,
2076.14,1881.44,2047.65,1990.07,1937.10,2020.30,1910.40,1810.71,2110.53,1937.10,1910.40,1860.16,1900.03,1990.07,1990.07,5000.00,5725.98,7905.69,5547.00,5872.20,3922.32,3569.15,3333.33,3569.15,3922.32,2929.79,3287.98,3834.83,3701.17,4343.72,2667.85,2880.76,3210.81,2747.21,3440.10,2071.68,2244.50,1937.10,1957.40,2076.14,
2141.76,2071.68,1836.49,2169.30,2110.53,2208.63,1961.16,1910.40,1937.10,1900.03,2076.14,2393.88,2076.14,2244.50,2020.30,5725.98,4740.45,4517.54,6201.74,6324.55,4472.14,3429.97,4134.49,3922.32,4134.49,3100.87,3440.10,3701.17,3219.11,3287.98,2923.53,2880.76,3123.47,2560.74,3333.33,1937.10,1990.07,1990.07,2208.63,2380.28,
2244.50,2276.26,2169.30,2020.30,2208.63,2047.65,2020.30,1937.10,1937.10,1860.16,1937.10,1937.10,1982.24,1860.16,2169.30,5270.46,5547.00,5270.46,5270.46,5198.75,3922.32,3429.97,4134.49,4472.14,3701.17,2828.43,3663.72,4000.00,4134.49,3492.15,3123.47,2828.43,3123.47,2432.52,3071.48,1937.10,2020.30,1961.16,1767.77,2020.30,
2076.14,1937.10,2071.68,1881.44,1937.10,2110.53,1961.16,2110.53,1990.07,2208.63,2076.14,2244.50,1990.07,2020.30,1990.07,6324.55,4472.14,5872.20,4207.03,5547.00,3701.17,3922.32,3100.87,3146.58,4134.49,3701.17,3569.15,3210.81,3219.11,3219.11,3071.48,2523.77,2880.76,2667.85,2828.43,1937.10,1937.10,2141.76,2076.14,1937.10,
2244.50,1881.44,2047.65,1961.16,1990.07,1788.85,2071.68,1836.49,2110.53,2076.14,2047.65,2169.30,2244.50,1860.16,1910.40,4850.71,5725.98,5725.98,6201.74,6666.67,3701.17,2929.79,3324.11,2981.42,3333.33,3123.47,3429.97,3429.97,3663.72,3663.72,2880.76,3123.47,3123.47,3123.47,2857.14,1910.40,2076.14,2020.30,2076.14,1990.07,


f=30kHz
2473.39,2039.61,1846.57,3399.35,2149.94,1846.57,2473.39,2252.37,2549.51,2252.37,2549.51,2252.37,2039.61,2549.51,2884.44,2403.70,2828.43,1981.04,2403.70,2060.31,2678.14,2473.39,3497.90,2884.44,2678.14,2828.43,3497.90,2280.35,3605.55,2280.35,2884.44,2549.51,3399.35,2252.37,2473.39,2000.00,2149.94,2884.44,2473.39,2252.37,
2473.39,2549.51,1699.67,2549.51,2473.39,2039.61,2149.94,2280.35,2039.61,2000.00,2473.39,2149.94,2549.51,2252.37,2252.37,2828.43,2403.70,2280.35,2039.61,2403.70,2371.00,3224.90,2828.43,2039.61,2371.00,2828.43,4560.70,2039.61,2828.43,2371.00,2039.61,2884.44,2473.39,2549.51,2473.39,2000.00,2884.44,2473.39,2884.44,2884.44,
2252.37,2549.51,2039.61,2884.44,4000.00,2280.35,2473.39,2252.37,2000.00,2473.39,1846.57,2252.37,1846.57,2039.61,2149.94,2828.43,2884.44,2371.00,3497.90,3497.90,2828.43,2403.70,2884.44,3605.55,2828.43,3224.90,2828.43,2473.39,2884.44,2828.43,2884.44,3399.35,2473.39,2149.94,3399.35,3224.90,2549.51,2678.14,2252.37,2000.00,
2252.37,1788.85,2039.61,1846.57,2549.51,2280.35,2039.61,2678.14,2549.51,2252.37,2549.51,1846.57,2884.44,2252.37,2039.61,2828.43,2371.00,2884.44,4560.70,2039.61,2280.35,3224.90,2149.94,2678.14,2884.44,2473.39,3497.90,1981.04,2280.35,2252.37,2473.39,2549.51,2280.35,2149.94,2252.37,1676.55,2549.51,2149.94,2884.44,2252.37,
2280.35,2549.51,2473.39,2000.00,2884.44,2039.61,2039.61,2473.39,1788.85,1846.57,2252.37,2473.39,2039.61,2549.51,2473.39,2371.00,2060.31,2884.44,2884.44,2828.43,2280.35,2039.61,2828.43,3605.55,2678.14,3497.90,2678.14,3399.35,2828.43,2678.14,2473.39,2549.51,2678.14,2473.39,2039.61,3224.90,1846.57,2473.39,2884.44,2149.94,
2549.51,2473.39,2252.37,2252.37,2149.94,2549.51,2473.39,2252.37,2039.61,2678.14,2000.00,2280.35,2252.37,2039.61,2473.39,2403.70,2371.00,2039.61,2371.00,3605.55,2678.14,2060.31,2473.39,2371.00,3605.55,3224.90,2149.94,2371.00,2828.43,2828.43,2039.61,3224.90,2884.44,3399.35,2252.37,1846.57,2473.39,2884.44,2473.39,2252.37,
2549.51,2549.51,2000.00,2884.44,3497.90,2039.61,2252.37,1893.73,2549.51,1846.57,2039.61,2252.37,1846.57,2473.39,2039.61,2403.70,3497.90,2060.31,2884.44,2403.70,2039.61,2371.00,2149.94,3497.90,2884.44,2280.35,2678.14,2828.43,3497.90,2884.44,1846.57,2252.37,2252.37,2549.51,2884.44,2549.51,2473.39,2884.44,1846.57,1846.57,
2039.61,2473.39,2039.61,2252.37,3224.90,2000.00,1846.57,2473.39,2000.00,2549.51,2884.44,2039.61,2678.14,1788.85,2252.37,2403.70,2039.61,2828.43,2828.43,2371.00,2371.00,2828.43,2678.14,2371.00,1802.78,2884.44,2149.94,2371.00,2678.14,3224.90,2884.44,2884.44,4000.00,2252.37,3399.35,2884.44,2280.35,1846.57,1846.57,2549.51,
1893.73,2884.44,2678.14,2252.37,2473.39,2884.44,2252.37,2473.39,1788.85,2149.94,2000.00,2549.51,2252.37,2000.00,2884.44,2060.31,2403.70,2403.70,2828.43,2828.43,2828.43,2678.14,2828.43,3605.55,2371.00,4000.00,2039.61,2403.70,2039.61,2678.14,2473.39,4000.00,2884.44,3399.35,2884.44,2252.37,2149.94,2549.51,2252.37,2549.51,
2000.00,2884.44,1846.57,2000.00,1846.57,2039.61,1981.04,2884.44,2252.37,2473.39,2000.00,2252.37,2252.37,2149.94,2549.51,2371.00,2371.00,2060.31,2371.00,2060.31,2678.14,2371.00,2371.00,2828.43,2678.14,2149.94,2828.43,2371.00,2828.43,2039.61,2549.51,2884.44,3399.35,2884.44,3399.35,2252.37,2884.44,2252.37,2473.39,2252.37,

2549.51,2000.00,2884.44,2252.37,2549.51,2039.61,2678.14,2039.61,2549.51,2678.14,2039.61,2549.51,2884.44,2039.61,1699.67,2884.44,2403.70,2371.00,2060.31,2828.43,2678.14,3224.90,3224.90,2371.00,2884.44,1893.73,2280.35,2678.14,2371.00,2149.94,2549.51,2884.44,2252.37,2252.37,3224.90,2000.00,2252.37,2000.00,1846.57,2252.37,
1788.85,2039.61,2280.35,2000.00,2473.39,1676.55,1893.73,2039.61,2549.51,2149.94,1846.57,2473.39,2252.37,2252.37,2252.37,2403.70,2828.43,1981.04,2371.00,2678.14,2828.43,2280.35,1981.04,2473.39,3497.90,3224.90,2678.14,2371.00,2403.70,2473.39,2884.44,2149.94,2252.37,2039.61,2473.39,1676.55,2000.00,2549.51,2000.00,2678.14,
1846.57,1676.55,2000.00,1846.57,2473.39,2000.00,2678.14,2000.00,2473.39,2549.51,2252.37,2884.44,1846.57,2473.39,2252.37,2828.43,2039.61,2828.43,2678.14,2884.44,2884.44,2371.00,2280.35,2403.70,2403.70,2403.70,2884.44,2473.39,2678.14,3224.90,1676.55,2252.37,2252.37,2884.44,5099.02,2149.94,1846.57,1846.57,1846.57,2549.51,
1846.57,1893.73,2039.61,2252.37,1846.57,2473.39,2549.51,2549.51,2039.61,2039.61,2252.37,2473.39,2039.61,2039.61,2252.37,2039.61,2884.44,2403.70,2039.61,2828.43,2371.00,4560.70,2280.35,3497.90,2039.61,2280.35,2060.31,2678.14,3497.90,2371.00,2884.44,2884.44,3224.90,2252.37,3224.90,2252.37,2549.51,1846.57,2149.94,2252.37,
1699.67,2039.61,1846.57,2252.37,2000.00,1676.55,2473.39,2149.94,2000.00,2473.39,2473.39,2039.61,1846.57,2039.61,2039.61,2884.44,1442.22,2371.00,2060.31,2828.43,2371.00,3224.90,2473.39,2280.35,1893.73,2149.94,2678.14,2884.44,1893.73,2039.61,2473.39,3399.35,2884.44,4000.00,2252.37,2473.39,2000.00,2252.37,2039.61,2473.39,
2000.00,2000.00,2000.00,2473.39,1846.57,1846.57,2039.61,2000.00,2000.00,2473.39,2678.14,2473.39,1846.57,1846.57,2884.44,2828.43,2371.00,2280.35,1981.04,2371.00,3224.90,3497.90,1788.85,2678.14,4560.70,2828.43,2884.44,2549.51,2252.37,2678.14,1981.04,2473.39,2884.44,2252.37,2678.14,2252.37,2884.44,2252.37,2884.44,1846.57,
2884.44,2678.14,2000.00,1893.73,2000.00,2252.37,1699.67,2039.61,1846.57,2000.00,2252.37,2252.37,2549.51,2252.37,2549.51,3605.55,2828.43,2280.35,2371.00,2884.44,2828.43,2280.35,1981.04,2884.44,3224.90,2280.35,3497.90,1981.04,2149.94,2884.44,2149.94,2884.44,2549.51,2884.44,3224.90,2473.39,1676.55,2039.61,2039.61,2039.61,
2039.61,2000.00,2473.39,1846.57,2473.39,2884.44,2884.44,1846.57,3224.90,2252.37,2549.51,1788.85,2149.94,2039.61,1846.57,2403.70,2060.31,2403.70,2678.14,2403.70,2828.43,2678.14,2280.35,2039.61,2678.14,3497.90,3497.90,2280.35,2371.00,3224.90,3224.90,2884.44,2000.00,3399.35,2884.44,3224.90,1846.57,1846.57,2252.37,1846.57,
2000.00,2252.37,2549.51,2039.61,2000.00,2039.61,2473.39,2149.94,3224.90,2678.14,2149.94,2252.37,2000.00,2549.51,1846.57,2884.44,2828.43,2039.61,2884.44,2828.43,2678.14,1981.04,2473.39,2371.00,2371.00,2473.39,2828.43,2403.70,4560.70,2678.14,2884.44,2884.44,2252.37,4000.00,2549.51,2149.94,1699.67,2039.61,1788.85,3399.35,
2039.61,1788.85,2252.37,2039.61,2473.39,2280.35,1846.57,1846.57,3224.90,2000.00,2884.44,2252.37,2149.94,2884.44,1676.55,2060.31,2371.00,2884.44,2884.44,2828.43,2039.61,1981.04,2280.35,2371.00,2678.14,2371.00,2280.35,3497.90,2371.00,4000.00,5099.02,2473.39,2549.51,2149.94,2252.37,2252.37,2549.51,2149.94,2549.51,2678.14,


f=70kHz
2196.25,2024.85,2378.06,1909.04,2378.06,2196.25,2561.25,1509.23,2000.00,2196.25,1588.42,2863.56,1775.91,2000.00,1639.67,2378.06,2511.51,3105.97,2134.37,1829.46,3105.97,2511.51,2511.51,2511.51,2561.25,2863.56,2196.25,2511.51,2863.56,4049.69,2263.85,2263.85,2196.25,2263.85,2000.00,1909.04,1909.04,1775.91,2000.00,1639.67,
1775.91,2561.25,1588.42,2196.25,2000.00,1389.03,1588.42,2561.25,2863.56,2196.25,1775.91,2561.25,2263.85,2263.85,1811.08,2134.37,1829.46,2561.25,2511.51,2105.33,2863.56,2511.51,2024.85,2105.33,2196.25,2863.56,2511.51,2561.25,2511.51,4049.69,3018.46,2000.00,2561.25,2000.00,3551.81,2196.25,1488.70,2000.00,2196.25,2561.25,
2000.00,2378.06,2000.00,1909.04,1639.67,1909.04,1909.04,2000.00,2863.56,1909.04,1775.91,2561.25,1639.67,2863.56,1811.08,1811.08,3201.56,3201.56,1829.46,2105.33,2561.25,2863.56,2511.51,2105.33,2105.33,2378.06,2263.85,2863.56,1759.07,2863.56,2561.25,2000.00,2863.56,2000.00,2863.56,3018.46,2000.00,1909.04,2000.00,2863.56,
2196.25,2561.25,1775.91,1588.42,2561.25,1909.04,2561.25,1909.04,2561.25,2263.85,1811.08,1759.07,1588.42,3551.81,2561.25,2561.25,2511.51,3201.56,2105.33,2511.51,2378.06,3551.81,2134.37,2511.51,2105.33,2378.06,1775.91,2024.85,1775.91,4268.75,2000.00,2561.25,2863.56,3018.46,3018.46,2196.25,1588.42,1639.67,2024.85,2000.00,
2561.25,2024.85,2000.00,1775.91,2000.00,1811.08,2000.00,2561.25,2000.00,2000.00,1639.67,1909.04,1811.08,2024.85,1909.04,2561.25,2105.33,2134.37,2105.33,1829.46,2511.51,4049.69,2134.37,2561.25,4049.69,2511.51,2511.51,1811.08,3105.97,2196.25,1639.67,3551.81,2000.00,3018.46,3018.46,2000.00,1639.67,1811.08,2561.25,2561.25,
2561.25,2561.25,2000.00,2196.25,2000.00,1775.91,1775.91,1811.08,2196.25,2196.25,1639.67,1811.08,2196.25,1639.67,1775.91,3201.56,2511.51,2511.51,2134.37,2511.51,2863.56,2561.25,2511.51,2378.06,3201.56,3551.81,4049.69,2378.06,1681.54,2263.85,3105.97,2511.51,3551.81,2561.25,2863.56,2378.06,1811.08,2263.85,1909.04,3105.97,
2000.00,2196.25,2000.00,2511.51,2263.85,2378.06,2863.56,2378.06,2000.00,2000.00,2263.85,1811.08,1775.91,2000.00,2561.25,2511.51,2105.33,2511.51,2105.33,2105.33,3105.97,2105.33,2511.51,2105.33,2561.25,2024.85,2863.56,2378.06,2378.06,2378.06,3018.46,2561.25,2561.25,2000.00,3018.46,2561.25,3551.81,1811.08,2000.00,2263.85,
2378.06,2561.25,2263.85,1639.67,2024.85,2000.00,1811.08,2263.85,1775.91,1775.91,1811.08,2263.85,2000.00,1811.08,1775.91,2561.25,3201.56,2561.25,1600.78,2134.37,3105.97,2024.85,2196.25,2024.85,2561.25,2105.33,2134.37,1759.07,2378.06,2378.06,2561.25,3551.81,1811.08,2196.25,2378.06,1811.08,2196.25,1811.08,1909.04,1811.08,
2263.85,2000.00,2561.25,1775.91,2000.00,2378.06,2196.25,2263.85,1775.91,1909.04,1811.08,2196.25,2196.25,1811.08,1639.67,1829.46,2511.51,2511.51,2511.51,2511.51,2561.25,2511.51,1829.46,2511.51,1811.08,2511.51,3551.81,1588.42,1909.04,2196.25,3551.81,3551.81,3018.46,2561.25,2196.25,2263.85,2000.00,1509.23,1811.08,1909.04,
2561.25,1775.91,2378.06,2196.25,1811.08,2561.25,2263.85,2561.25,2196.25,2000.00,1909.04,1488.70,1811.08,2263.85,1681.54,3105.97,2105.33,2105.33,2105.33,1811.08,2511.51,2863.56,2134.37,3105.97,2024.85,2863.56,3018.46,4049.69,2105.33,3018.46,2863.56,2196.25,2863.56,2561.25,2863.56,1909.04,1811.08,2263.85,2561.25,2024.85,

2561.25,2000.00,2000.00,1909.04,1775.91,1811.08,1811.08,1811.08,2196.25,2263.85,3018.46,2561.25,2000.00,2196.25,2561.25,1600.78,2561.25,2134.37,1811.08,2024.85,3105.97,2511.51,2561.25,2511.51,2196.25,2378.06,2378.06,2105.33,1909.04,2378.06,2000.00,2561.25,3551.81,2561.25,2000.00,2000.00,2000.00,2561.25,2196.25,2000.00,
2000.00,2000.00,2000.00,2000.00,2378.06,2263.85,2196.25,2000.00,3018.46,2263.85,2196.25,1811.08,3018.46,1775.91,1639.67,2511.51,2134.37,2105.33,2511.51,2863.56,2561.25,2561.25,3105.97,2561.25,4268.75,2024.85,3201.56,2105.33,2561.25,2863.56,2196.25,1775.91,2000.00,2196.25,1811.08,2024.85,2000.00,2196.25,2561.25,2263.85,
2196.25,3551.81,2263.85,2561.25,2196.25,2196.25,1811.08,2561.25,2000.00,1811.08,2561.25,2196.25,2000.00,2863.56,2263.85,2105.33,3105.97,2511.51,2105.33,2105.33,2378.06,2561.25,2511.51,2134.37,1775.91,4049.69,2196.25,2511.51,2511.51,2863.56,3018.46,2024.85,2863.56,3018.46,2863.56,2000.00,3551.81,2024.85,2263.85,2196.25,
2561.25,2263.85,1509.23,2196.25,2000.00,1775.91,1909.04,2196.25,1909.04,2000.00,3018.46,2196.25,2000.00,2000.00,1811.08,1811.08,2105.33,2378.06,3201.56,2511.51,2024.85,2105.33,2378.06,2511.51,2196.25,2134.37,4049.69,2561.25,2024.85,4049.69,2263.85,3018.46,3551.81,4049.69,3551.81,2000.00,1909.04,2000.00,2000.00,1509.23,
1909.04,1811.08,1639.67,2000.00,1909.04,2561.25,2263.85,1639.67,3018.46,1811.08,2561.25,1639.67,1488.70,1509.23,1909.04,3201.56,2134.37,2511.51,2511.51,2134.37,1759.07,2378.06,3551.81,2378.06,1681.54,2863.56,2024.85,1759.07,2378.06,3551.81,2561.25,2196.25,3551.81,2196.25,2561.25,2263.85,2000.00,2378.06,2196.25,2000.00,
2000.00,2378.06,2263.85,2263.85,2000.00,2378.06,2196.25,1775.91,2000.00,2000.00,2000.00,2561.25,1639.67,2561.25,2263.85,2561.25,2134.37,2105.33,2378.06,2511.51,2024.85,2378.06,2378.06,2561.25,2024.85,3105.97,1909.04,2561.25,3551.81,4268.75,1811.08,1909.04,3018.46,3551.81,2863.56,2263.85,1811.08,2000.00,2263.85,1811.08,
1588.42,2561.25,2863.56,1811.08,2378.06,2196.25,1909.04,2378.06,1811.08,2000.00,2000.00,1909.04,2561.25,2263.85,2000.00,2105.33,2511.51,2561.25,3201.56,2134.37,2024.85,2105.33,3105.97,3201.56,2024.85,2561.25,3018.46,2196.25,2134.37,2196.25,2263.85,4049.69,3018.46,2863.56,2863.56,2561.25,2263.85,2378.06,1811.08,2378.06,
3018.46,3018.46,2000.00,2263.85,2196.25,2561.25,2196.25,2000.00,1775.91,2000.00,1909.04,2863.56,2000.00,1639.67,1775.91,2561.25,1811.08,2024.85,2105.33,2511.51,2105.33,2561.25,2561.25,2024.85,2105.33,2561.25,3201.56,2561.25,4049.69,2863.56,2561.25,3018.46,2196.25,2561.25,2263.85,2263.85,1639.67,2863.56,1639.67,1909.04,
1909.04,1775.91,1811.08,2000.00,2196.25,2196.25,2263.85,2561.25,1909.04,1775.91,2000.00,1811.08,3018.46,2000.00,2196.25,2561.25,3201.56,2105.33,2511.51,2105.33,3105.97,3105.97,2863.56,2511.51,2511.51,2378.06,2561.25,3551.81,1909.04,2196.25,2863.56,2000.00,3018.46,3018.46,2561.25,2863.56,3018.46,3018.46,2196.25,1639.67,
1588.42,1775.91,1909.04,2196.25,1909.04,2263.85,1775.91,2196.25,1909.04,1811.08,1811.08,2863.56,1775.91,2196.25,1811.08,2511.51,2134.37,2024.85,2561.25,1829.46,2378.06,2105.33,2511.51,2378.06,3105.97,2561.25,1909.04,2378.06,4049.69,2134.37,2000.00,2000.00,2863.56,3551.81,2863.56,2000.00,2000.00,2000.00,2263.85,1639.67,


f=100kHz
2119.28,1741.00,1893.00,2000.00,1916.63,1958.59,1709.20,1930.31,1855.04,1930.31,1930.31,1893.00,1830.97,2000.00,1864.66,5866.15,4911.59,5099.02,6000.00,5866.15,4148.00,4017.20,3777.34,3777.34,3556.49,3420.53,3595.58,3420.53,3556.49,3595.58,2491.36,2683.28,2683.28,2683.28,2906.48,1893.00,2027.92,1893.00,1916.63,1893.00,
1893.00,1958.59,1796.55,1916.63,1893.00,1893.00,1855.04,1855.04,1830.97,1864.66,1930.31,2000.00,1830.97,1855.04,1716.71,5099.02,5099.02,5099.02,5246.85,4491.37,3556.49,3777.34,3800.58,3482.00,3482.00,3595.58,3224.90,3096.80,3253.96,3224.90,2765.33,2765.33,2635.07,2683.28,2906.48,2027.92,2027.92,1958.59,1916.63,1832.28,
1816.71,1796.55,1893.00,1893.00,1796.55,1893.00,1916.63,1741.00,1830.97,1761.66,1864.66,1855.04,1855.04,1855.04,1830.97,5408.33,4491.37,5099.02,4326.66,4491.37,3556.49,3556.49,3224.90,3224.90,3354.10,3403.55,3403.55,3403.55,3224.90,3420.53,2716.93,2765.33,2491.36,2563.79,3059.41,1916.63,1916.63,1893.00,2027.92,1893.00,
1796.55,1855.04,2000.00,2000.00,1893.00,1874.44,1855.04,1761.66,1893.00,1855.04,1855.04,1864.66,1930.31,1893.00,1893.00,5099.02,4743.42,4743.42,4911.59,4491.37,3354.10,3403.55,3169.06,3710.08,3420.53,3595.58,3096.80,3109.57,3253.96,3253.96,2600.58,2514.82,2765.33,2683.28,2600.58,1958.59,1855.04,1796.55,1893.00,1916.63,
1855.04,2000.00,1981.46,1893.00,1893.00,1855.04,1893.00,1855.04,1830.97,1802.78,1709.20,1958.59,1830.97,1830.97,1830.97,4491.37,4911.59,4242.64,4633.35,3910.77,3253.96,3556.49,3556.49,3276.27,3059.41,3109.57,3096.80,2949.39,2949.39,3420.53,2600.58,2716.93,2765.33,2811.65,2600.58,1958.59,2027.92,1855.04,1981.46,1958.59,
2000.00,1930.31,1893.00,1796.55,1830.97,1816.71,1855.04,1688.25,1855.04,1796.55,1893.00,1916.63,1796.55,1830.97,1830.97,4698.45,4242.64,4326.66,4491.37,4491.37,3556.49,3169.06,3403.55,3777.34,3253.96,3096.80,3403.55,3253.96,3224.90,3595.58,2845.50,3059.41,2683.28,2600.58,2840.59,1958.59,1816.71,1855.04,1893.00,1709.20,
1855.04,1830.97,1830.97,1893.00,1958.59,1855.04,1796.55,1816.71,1761.66,1796.55,1709.20,1726.53,1830.97,1796.55,1816.71,4132.83,4132.83,4633.35,4326.66,4003.42,3860.63,3354.10,3962.91,3224.90,3403.55,3109.57,3096.80,3096.80,3253.96,3253.96,2635.07,2491.36,2765.33,2906.48,2949.39,2049.65,2027.92,1816.71,1893.00,1958.59,
1796.55,1830.97,1958.59,1855.04,1893.00,1930.31,1796.55,1930.31,1796.55,1816.71,1916.63,1893.00,1796.55,1830.97,1855.04,4326.66,4491.37,4633.35,3721.04,5099.02,3096.80,3556.49,3595.58,3403.55,3556.49,3253.96,3059.41,3354.10,3420.53,3253.96,2845.50,2600.58,2600.58,2600.58,2623.42,1916.63,1855.04,1816.71,1958.59,1916.63,
1761.66,1930.31,1893.00,1855.04,1830.97,1830.97,1893.00,1864.66,1893.00,1830.97,1761.66,1816.71,1796.55,1772.27,1772.27,3824.26,4911.59,4633.35,5661.70,4242.64,4017.20,3403.55,3710.08,3354.10,3556.49,3403.55,3096.80,3253.96,3096.80,3253.96,2452.64,2765.33,2491.36,3000.00,2811.65,1855.04,1855.04,1981.46,1855.04,1816.71,
1893.00,1916.63,1796.55,1761.66,1893.00,1855.04,1830.97,1893.00,1930.31,1864.66,1893.00,1796.55,1855.04,1796.55,1893.00,4132.83,4911.59,4242.64,4813.35,4242.64,3556.49,3059.41,3403.55,3403.55,3403.55,3253.96,3556.49,2971.56,3403.55,3096.80,2600.58,2600.58,2452.64,2563.79,2683.28,1830.97,1855.04,1816.71,1916.63,1855.04,


1916.63,1855.04,1772.27,1796.55,1958.59,1709.20,1893.00,1830.97,1796.55,1830.97,1855.04,1761.66,1855.04,1796.55,1830.97,5099.02,4491.37,4242.64,3824.26,4491.37,3354.10,3556.49,3224.90,3224.90,3556.49,3253.96,3403.55,3224.90,3556.49,3253.96,2600.58,2811.65,2716.93,2683.28,2716.93,1893.00,1958.59,1893.00,1981.46,1855.04,
1772.27,1855.04,1796.55,1916.63,1855.04,1893.00,1761.66,1930.31,1864.66,1830.97,1796.55,1830.97,1830.97,1796.55,1830.97,4911.59,3824.26,4491.37,4633.35,5661.70,3096.80,3595.58,3224.90,3556.49,3096.80,3253.96,3224.90,3403.55,3595.58,3096.80,2452.64,2716.93,2600.58,2840.59,2716.93,1855.04,1916.63,1816.71,1855.04,1874.44,
1855.04,1958.59,1816.71,1816.71,1796.55,1796.55,1855.04,1958.59,1893.00,1796.55,1761.66,1796.55,1855.04,1796.55,1761.66,4326.66,4911.59,4911.59,3824.26,4003.42,3403.55,3354.10,3253.96,4242.64,3059.41,2949.39,3253.96,3096.80,3109.57,3403.55,2906.48,2811.65,2491.36,2845.50,2716.93,1874.44,1916.63,1958.59,1816.71,1855.04,
1893.00,1796.55,1816.71,1916.63,1855.04,1916.63,1796.55,1888.67,1855.04,1796.55,1688.25,1893.00,1893.00,1772.27,1830.97,4132.83,4132.83,4132.83,4633.35,4242.64,3253.96,3224.90,3059.41,3096.80,3403.55,3059.41,2850.44,3403.55,3253.96,3059.41,2563.79,2491.36,2683.28,2518.23,2765.33,1916.63,1893.00,1855.04,1930.31,1855.04,
1934.94,1934.94,1796.55,1934.94,1916.63,1893.00,1816.71,1855.04,1830.97,1930.31,1830.97,1830.97,1741.00,1864.66,1855.04,4132.83,4132.83,4633.35,4132.83,4003.42,3403.55,3595.58,3482.00,3403.55,3777.34,3253.96,3109.57,3403.55,2971.56,3253.96,2683.28,2600.58,2563.79,3059.41,2716.93,1893.00,1796.55,1816.71,1874.44,1796.55,
1916.63,1772.27,1796.55,1981.46,1816.71,1966.66,1830.97,1796.55,1893.00,1830.97,1816.71,1893.00,1855.04,1830.97,1772.27,4326.66,4003.42,4491.37,4003.42,4242.64,3403.55,2949.39,3224.90,3403.55,3276.27,3059.41,3224.90,3224.90,3420.53,2971.56,2683.28,2840.59,2600.58,2563.79,3096.80,1761.66,1958.59,1874.44,1916.63,1778.25,
1981.46,1761.66,1855.04,1958.59,1874.44,1830.97,1874.44,1816.71,1796.55,1830.97,1830.97,1830.97,1709.20,1772.27,1830.97,4132.83,4132.83,4003.42,4003.42,4003.42,3224.90,3403.55,3403.55,3595.58,3710.08,3096.80,2734.23,3556.49,3253.96,3224.90,2716.93,2491.36,2623.42,2811.65,2840.59,1893.00,1916.63,1796.55,1916.63,1855.04,
1855.04,1855.04,1796.55,1855.04,1855.04,1855.04,1709.20,1855.04,1816.71,1958.59,1830.97,1741.00,1772.27,1830.97,1893.00,4326.66,3910.77,4132.83,4242.64,4491.37,3354.10,3169.06,3354.10,3354.10,3403.55,3403.55,3224.90,2840.59,3253.96,3595.58,2811.65,2491.36,2623.42,2765.33,2949.39,1916.63,1855.04,2027.92,1893.00,1855.04,
1981.46,2074.00,1934.94,1916.63,1981.46,1893.00,1958.59,1958.59,1874.44,1930.31,1796.55,1709.20,1761.66,1741.00,1916.63,3860.63,4132.83,4132.83,4491.37,4633.35,3253.96,3354.10,3059.41,3482.00,3224.90,3253.96,3096.80,2971.56,3420.53,3109.57,2563.79,2683.28,2716.93,2600.58,2840.59,1855.04,1855.04,1761.66,1893.00,1893.00,
1888.67,1981.46,1916.63,1981.46,2027.92,1796.55,1981.46,1816.71,1893.00,1916.63,1816.71,1830.97,1796.55,1802.78,1855.04,3824.26,4491.37,4242.64,3721.04,4132.83,3354.10,3556.49,3059.41,3224.90,3556.49,3096.80,3096.80,3096.80,3253.96,3420.53,2635.07,2765.33,2600.58,2734.23,3000.00,1772.27,1855.04,1958.59,1855.04,1893.00,



60k
b1=[1816.49,2111.52,2000.00,1690.04,1826.41,1778.38,1871.34,1778.38,2015.50,2073.93,1798.72,2047.60,1874.94,1984.86,2114.10,2850.34,4254.29,3053.94,2986.15,2844.03,3046.18,3046.18,2318.72,2497.78,2510.67,2825.34,2666.99,2850.34,2672.19,2666.99,2176.18,2448.15,2731.52,2360.76,2288.63,1957.62,1871.34,2213.78,1778.38,1931.48]';
b2=[1851.93,1984.86,1949.47,2000.00,2096.24,1778.38,1755.74,2213.78,1826.41,2145.82,1984.86,2033.65,1798.72,2073.93,2111.52,3053.94,3870.87,3288.85,3870.87,2986.15,2510.67,3250.61,3023.24,2375.28,3046.18,2515.01,2371.63,2844.03,2936.43,3023.24,2390.08,2213.78,2275.62,2202.00,2550.56,2111.52,1851.93,2202.00,2145.82,2033.65]';


80k
a1=[1538.83,1569.26,1453.02,1527.87,1618.48,1343.46,1569.26,1390.91,1618.48,1508.95,1508.95,1360.15,1555.09,1581.14,1647.91,3004.06,2564.72,3194.82,2259.08,2950.57,2385.86,1953.06,2324.10,2202.83,2324.10,2433.10,2251.33,2478.12,2294.97,2294.97,2228.55,2247.49,2202.83,2385.86,1886.18,1519.50,1352.56,1453.02,1481.84,1569.26]';
a7=[1618.48,1453.02,1453.02,1569.26,1687.05,1496.34,1469.89,1519.50,1634.47,1508.95,1453.02,1519.50,1469.89,1519.50,1496.34,3183.86,3619.03,2720.29,2859.51,2433.10,2324.10,2251.33,2457.81,2236.07,2262.99,2324.10,2251.33,2202.83,2828.43,2433.10,2514.91,2086.37,2202.83,2202.83,2542.22,1581.14,1555.09,1634.47,1634.47,1600.17]';










