Spettroscopia 100ohm-10pf, f=(100000-201000-1000)
223.49,222.83,219.80,218.62,216.63,215.04,212.92,211.26,209.36,207.86,206.29,205.02,204.95,201.98,199.98,198.85,198.02,197.10,195.95,194.85,193.24,192.65,191.36,190.40,189.33,188.26,187.56,186.69,185.67,185.59,183.55,182.82,181.55,178.09,179.22,179.62,180.26,175.73,175.99,176.88,176.87,178.94,177.60,173.07,175.92,175.81,175.75,175.74,175.65,174.96,174.70,174.31,174.88,173.86,173.46,172.37,172.49,172.37,172.33,172.24,173.17,172.98,172.08,172.25,171.56,170.41,170.31,171.37,170.69,169.55,169.75,170.78,170.22,168.20,169.86,169.49,167.69,170.04,169.55,167.55,166.02,165.73,170.27,166.10,164.56,162.95,157.88,151.68,150.89,148.89,146.87,146.26,143.34,143.84,140.99,141.27,138.89,139.13,138.48,137.31,135.75,

10ohm-10pF
2128.47,2108.03,2092.39,2068.46,2057.23,2042.17,2005.65,1977.25,1970.19,1977.95,1976.42,1911.44,1899.79,1885.42,1869.71,1858.84,1861.85,1854.18,1804.39,1786.16,1756.89,1754.72,1750.08,1741.54,1720.56,1743.60,1729.85,1668.60,1648.05,1651.15,1625.57,1604.11,1589.32,1563.88,1573.16,1574.62,1577.01,1537.01,1530.50,1547.27,1530.29,1549.48,1547.65,1508.57,1533.03,1531.35,1498.54,1483.05,1487.65,1490.68,1481.24,1459.90,1466.71,1430.67,1422.24,1420.83,1390.60,1375.74,1359.42,1354.65,1342.93,1337.32,1334.47,1307.75,1305.99,1274.61,1277.13,1269.33,1266.47,1251.55,1238.44,1234.92,1277.11,1262.91,1267.99,1212.78,1187.50,1200.72,1188.67,1168.99,1142.94,1140.25,1162.03,1130.38,1156.49,1143.08,1085.56,1018.47,1003.79,983.33,954.44,945.97,976.74,965.05,905.75,901.92,878.49,875.83,870.13,901.13,849.21,


10ohm+10ohm//10pF
1091.91,1085.70,1064.24,1057.01,1047.53,1043.19,1037.21,1019.86,1008.65,1002.37,995.30,987.14,976.83,964.74,959.35,949.47,940.81,936.53,926.09,917.46,904.39,904.82,895.05,884.67,879.98,872.83,867.47,865.28,857.07,860.28,842.26,832.16,824.02,811.03,813.98,810.47,813.01,788.83,787.21,786.31,784.95,788.02,781.00,757.10,766.63,760.62,758.32,758.29,754.16,746.71,742.43,737.66,736.43,726.25,722.73,719.12,712.18,708.77,705.61,701.53,699.99,695.37,689.55,683.80,680.41,670.15,668.39,667.22,673.47,664.78,657.66,654.82,645.57,637.84,638.24,634.24,623.93,628.98,635.08,624.65,608.80,600.49,613.65,596.71,588.66,577.59,556.16,537.32,535.85,520.39,507.89,505.57,490.66,488.80,485.29,478.51,466.02,465.08,462.41,454.56,455.55,

15ohm+100ohm/10pF
197.89,196.42,195.74,193.70,192.75,191.54,190.07,188.75,187.51,186.52,185.29,184.16,182.99,181.97,181.10,180.19,179.38,178.56,177.66,176.81,175.98,175.59,174.95,174.32,173.76,173.41,173.04,172.74,172.23,172.43,170.94,170.66,169.98,167.25,169.33,169.69,170.79,167.00,166.56,168.18,168.44,170.59,169.58,165.44,168.50,168.37,168.87,169.86,168.70,168.92,168.91,168.56,169.10,168.48,168.33,167.82,168.00,167.95,167.96,168.31,169.00,167.91,168.63,168.31,168.03,166.81,166.81,167.56,167.94,166.45,166.78,166.88,166.76,165.90,167.30,166.53,164.69,167.19,167.57,165.68,163.65,163.12,167.62,164.25,162.30,160.57,155.61,149.80,148.89,147.13,145.08,144.78,141.77,142.28,139.03,139.44,137.40,137.47,137.11,135.60,133.82,

100ohm+10pF
224.79,221.88,220.48,218.64,216.41,214.80,212.78,211.18,209.30,207.91,207.75,204.32,203.80,202.68,201.36,199.80,198.49,197.15,195.85,194.56,193.06,192.43,191.14,190.28,189.09,188.05,187.24,186.59,185.62,185.32,183.44,182.82,181.56,178.30,180.20,180.21,181.01,175.80,175.63,177.71,176.64,178.69,177.32,172.65,175.45,175.37,175.48,176.50,176.14,175.12,174.72,174.08,174.59,173.66,173.31,173.59,173.23,171.74,172.30,172.24,172.84,172.92,172.44,172.51,171.71,170.24,170.06,171.14,171.55,170.07,169.48,170.75,170.03,168.98,170.33,168.98,167.48,170.02,170.28,168.16,166.25,165.63,170.15,166.77,164.17,162.87,157.86,151.98,151.05,148.76,146.98,146.73,143.12,143.83,140.89,141.41,138.93,138.98,138.85,136.82,135.71,

150ohm (R,I)
-8204,-881,-8089,-1146,-7968,-1386,-7846,-1615,-7722,-1836,-7588,-2051,-7446,-2260,-7312,-2446,-7166,-2640,-7020,-2821,-6867,-2995,-6718,-3161,-6569,-3320,-6406,-3473,-6254,-3619,-6094,-3752,-5938,-3884,-5777,-4010,-5616,-4128,-5453,-4241,-5294,-4340,-5119,-4454,-4972,-4544,-4811,-4624,-4661,-4708,-4502,-4785,-4350,-4860,-4198,-4923,-4018,-4980,-3911,-5041,-3718,-5084,-3605,-5166,-3435,-5168,-3265,-5212,-3143,-5235,-3022,-5294,-2862,-5345,-2609,-5250,-2501,-5318,-2367,-5338,-2266,-5389,-2130,-5424,-1946,-5339,-1871,-5418,-1733,-5445,-1598,-5467,-1451,-5411,-1319,-5408,-1200,-5410,-1077,-5392,-955,-5376,-845,-5366,-727,-5385,-632,-5386,-527,-5383,-442,-5356,-336,-5328,-230,-5287,-131,-5234,-30,-5185,75,-5147,186,-5106,292,-5066,397,-5027,501,-4988,588,-4926,710,-4882,814,-4849,899,-4812,993,-4733,1097,-4675,1185,-4646,1264,-4573,1359,-4488,1455,-4469,1533,-4421,1605,-4329,1688,-4243,1795,-4212,1839,-4149,1913,-4017,1981,-3924,2087,-3975,2163,-3857,2231,-3629,2346,-3556,2349,-3357,2361,-3187,2376,-3053,2396,-2922,2414,-2820,2459,-2731,2462,-2622,2495,-2538,2538,-2475,2530,-2335,2572,-2280,2578,-2176,2619,-2067,2602,-1955,2643,-1949

100ohm//10pF
4870,2628,4813,2724,4757,2815,4428,3303,4606,3000,4522,3092,4453,3179,4381,3269,4310,3352,4235,3434,4156,3521,4071,3598,3994,3683,3908,3754,3818,3830,3728,3903,3635,3975,3421,4119,2865,4491,3039,4405,3134,4332,3113,4304,3030,4328,2930,4383,2807,4455,2692,4512,2542,4590,2381,4662,2219,4726,2016,4791,1836,4842,1605,4891,1392,4931,1234,4940,1688,4807,1572,4825,1448,4840,1327,4849,1204,4860,1086,4865,965,4868,838,4863,714,4857,594,4851,472,4837,354,4820,257,4832,-90,4820,39,4783,-85,4758,-202,4726,-318,4689,-431,4650,-547,4615,-604,4597,-1154,4457,-837,4510,-943,4461,-1049,4410,-1149,4356,-1252,4296,-1350,4240,-1526,4182,-1499,4156,-1596,4092,-1689,4022,-1776,3955,-1862,3886,-1999,3812,-1998,3771,-2077,3694,-2155,3619,-2230,3545,-2276,3501,-2348,3420,-2416,3343,-2486,3260,-2546,3180,-2583,3135,-2641,3051,-2705,2967,-2755,2880,-2807,2791,-2918,2681,-2886,2660,-2932,2569,-2977,2487,-2998,2427,-3039,2342,-3075,2249,-3118,2162,-3172,2067,-3168,2021,-3194,1930,-3219,1837,-3232,1791,-3259,1698,-3276,1610,-3302,1543,-3307,1460,-3321,1374,Numero dati acquisiti: 101




