spettroscopia
Rcal=690ohm
-30822,-9088,1929,-16390,7639,-14409,13330,-8694,15147,-1221,13557,4402,10090,8045,6144,9563,3567,10074,942,9543,-1137,8519,-2625,7309,-3679,6033,-4438,4742,-4883,3445,-5091,2164,-5053,953,-4793,-150,-4353,-1110,-3764,-1890,-3087,-2495,-2339,-2917,-1577,-3163,-798,-3244,-38,-3153,629,-2916,1212,-2565,1655,-2135,1979,-1644,2178,-1127,2254,-622,2229,-141,2117,291,1926,660,1689,979,1423,1225,1116,1397,809,1511,510,1566,216,1567,-55,1522,-303,1426,-520,1310,-706,1160,-850,995,-965,819,-1068,622,-1058,517,-1132,227,-1126,34,-1089,-152,-1012,-209,-963,-370,-817,-593,-696,-714,-651,-708,-406,-829,-255,-868,-208,-815,-7,-799,154,-810,276,-767,305,-331,455,-607,540,-516,533,-368,621,-312,656,-204,127,46,643,-10,126,72,580,168,94,102,475,306,55,109,347,393,12,104,216,444,-23,89,82,452,21,445,-39,100,-84,406,-56,49,-166,358,-203,315,-67,31,-260,245,-282,204,-80,22,-307,122,-228,68,-129,13,-303,6,-60,-15,-234,-48,-264,-104,-53,-33,-207,-143,-180,-183,-43,-47,Frequency sweep complete!
Numero dati acquisiti: 101
689.93,690.01,690.31,689.80,690.23,690.45,690.33,690.10,691.43,690.41,690.00,689.92,689.75,690.15,689.93,690.51,689.82,690.14,689.18,689.27,689.70,690.84,690.44,689.65,689.35,691.05,689.51,689.91,690.38,691.02,690.85,690.06,689.14,691.50,690.00,682.58,690.24,692.13,690.54,690.75,688.63,691.85,688.73,689.29,692.23,690.61,692.57,691.04,690.70,688.83,690.17,688.69,696.78,690.15,688.06,689.51,692.67,690.65,695.83,709.00,693.96,688.69,652.58,689.45,689.31,669.83,690.50,689.56,688.28,688.90,681.76,689.37,686.64,690.46,697.80,698.42,712.12,687.52,682.74,696.45,696.19,675.69,698.48,676.92,692.97,696.64,663.01,683.41,687.96,637.76,692.71,928.47,512.26,696.71,1461.31,316.69,690.50,796.95,346.24,679.74,737.82,-19576,-1160,520,-5686,1839,-5421,2895,-4931,3804,-4281,4530,-3472,5138,-2502,5481,-1530,5672,-63,5591,645,5323,1726,4820,2725,4087,3603,3157,4292,2052,4736,869,4889,-302,4721,-1337,4276,-2163,3637,-2772,2888,-3260,1939,-3343,1306,-3361,536,-3230,-139,-2969,-773,-2631,-1279,-2198,-1692,-1737,-1991,-1249,-2188,-759,
100ohm
-2283,-281,-2273,163,-2178,560,-2007,900,-1775,1181,-1484,1388,-1170,1522,-825,1585,-478,1574,-130,1497,186,1365,466,1181,707,969,888,732,1018,485,1087,246,1112,22,1080,-185,1011,-359,905,-475,799,-629,624,-718,456,-726,384,-769,156,-749,-2,-717,-148,-716,-178,-585,-355,-493,-450,-398,-513,-351,-513,-193,-589,-78,-604,13,-587,87,-7,213,-518,312,-450,343,-397,405,-306,413,-249,446,-139,378,-79,428,8,404,48,366,129,338,166,276,215,241,239,-8,79,136,273,105,279,47,274,8,269,-44,58,-65,238,-85,220,-58,43,-130,167,-153,152,-67,22,-167,87,-173,63,-69,4,-167,15,-120,-5,-64,-20,-139,-42,-124,-49,-54,-37,-101,-79,-87,-93,Frequency sweep complete!
Numero dati acquisiti: 101
1130.54,1994.38,1966.66,1919.88,1831.51,1724.30,1558.85,1378.45,1302.68,1176.35,1059.76,967.67,894.56,841.28,798.81,769.24,749.81,738.70,731.64,725.22,721.73,719.69,716.98,712.63,708.51,704.67,705.20,705.35,705.01,704.36,705.32,705.66,706.75,707.42,710.24,706.01,712.89,716.56,720.09,724.31,727.13,732.76,738.56,746.52,761.05,767.51,792.40,791.74,819.06,834.81,856.52,836.70,875.23,887.93,915.97,905.84,866.63,913.09,876.83,872.51,920.50,905.74,482.29,890.79,5898.64,774.61,876.36,902.93,183.15,918.63,211.79,1077.95,222.49,958.93,219.54,972.37,213.09,1000.15,790.38,1048.96,1040.40,260.88,1076.07,691.89,1108.38,1106.90,677.92,1153.63,1110.25,750.35,1215.27,1199.82,960.94,1259.27,752.49,1128.21,1349.30,373.18,1330.73,1360.74,369.07,

150kohm
-29833,-10517,13502,-8697,14097,4298,5853,11473,1222,14189,-3840,13907,-7201,11835,-9193,8657,-9813,5422,-9855,2474,-9071,-95,-7893,-2128,-6491,-3633,-4139,-4335,-2283,-4094,-968,-3503,-11,-3029,476,-2249,828,-1708,1086,-1245,1183,-796,1349,-517,2494,-956,2629,-532,2660,-103,2777,350,2708,757,2612,1153,2359,1476,1969,1755,1586,1967,1183,2115,787,2197,405,2228,43,2193,-299,2104,-537,1759,-255,527,-437,613,-327,335,-264,209,-506,217,-751,250,-261,50,-164,8,-476,-68,-146,-55,-125,-69,-109,-77,-75,-85,-186,-277,-60,-95,16,-192,10,-151,26,-109,29,-107,24,-103,33,-77,51,-61,59,-58,64,-59,65,-38,76,-36,77,-25,79,-2,67,0,73,17,53,32,57,34,47,30,47,35,51,51,23,33,23,55,22,40,19,66,9,56,0,40,-10,45,-22,65,-34,126,-30,28,-37,23,-47,36,-43,55,-47,24,-24,17,-41,11,-66,20,-97,44,-124,23,-17,-13,-32,-8,-36,-12,-121,-6,-79,-12,-4,-33,-59,-12,-101,8,-37,25,-138,12,Frequency sweep complete!
Numero dati acquisiti: 101
700.87,709.03,763.90,852.34,736.50,682.14,643.05,621.19,659.09,651.58,653.72,655.42,655.23,747.85,879.57,1051.04,1171.04,1439.64,1631.08,1757.22,1919.93,1787.95,913.62,858.94,816.56,736.50,695.67,652.74,638.29,642.47,639.31,635.98,631.03,621.71,614.12,603.09,671.06,2026.25,1510.70,2333.99,3114.72,1831.94,1226.40,3522.25,5517.08,1817.89,5486.40,5699.31,5975.40,6845.40,2274.47,6333.73,3730.95,4603.99,6122.38,5982.10,6045.73,7458.41,7360.95,6847.33,6573.23,7456.07,3492.76,6460.49,6514.88,6475.34,6402.35,7651.61,1400.76,7945.25,1688.34,5771.50,2367.78,6544.15,1866.22,5331.34,1314.42,8486.67,1361.45,4662.25,2376.50,1767.34,6647.14,850.80,3916.92,4946.87,1664.22,5751.40,3472.05,496.79,1814.53,10322.19,2013.53,5564.15,746.00,946.72,5894.05,826.41,859.78,3907.42,339.31,

15ohm+10pf
-17078,726,101,-857,287,-815,450,-736,596,-628,705,-502,801,-319,843,-195,862,-16,853,131,808,302,735,447,645,572,519,682,380,764,227,820,72,842,-85,843,-240,809,-388,751,-519,662,-630,556,-721,421,-768,256,-819,119,-826,-34,-798,-187,-735,-335,-655,-466,-540,-572,-418,-660,-273,-713,-125,-734,19,-734,162,-696,285,-643,404,-556,495,-457,558,-333,593,-206,597,-77,584,50,541,161,472,261,388,335,297,394,195,424,101,435,6,420,-78,391,-145,339,-216,285,-268,222,-277,154,-298,84,-296,17,-254,-25,-248,-98,-213,-152,-172,-183,-108,-166,-78,-212,-28,-223,20,-214,61,6,92,-170,123,-158,137,-114,159,-92,151,-51,169,-23,143,7,153,33,125,51,130,77,95,88,5,66,61,108,-9,68,27,121,9,110,-28,55,-21,110,-35,78,-45,97,-57,85,-50,32,-72,62,-81,52,-57,15,-84,29,-84,19,-58,-1,-81,-2,-80,-13,-52,-13,-66,-28,-62,-37,-43,-29,-48,-44,-39,-49,
Frequency sweep complete!
Numero dati acquisiti: 101
1297.01,13196.14,13029.26,12725.56,12114.71,11371.31,10332.51,9065.62,8570.73,7671.58,6874.89,6228.35,5653.58,5230.16,4831.90,4489.41,4197.39,3906.03,3668.89,3434.37,3254.40,3074.06,2922.73,2845.96,2626.49,2493.59,2386.58,2307.27,2209.59,2154.24,2067.74,2018.68,1977.84,1917.42,1885.00,1822.25,1795.74,1760.83,1750.18,1740.52,1742.30,1720.77,1719.76,1735.45,1767.18,1771.58,1834.12,1822.20,1898.48,1946.26,2058.23,1990.09,2065.56,2198.35,2215.87,2236.78,2505.18,2343.11,2236.67,2255.73,2889.18,2485.18,1306.89,2433.42,8399.47,2244.45,2396.60,2657.96,506.09,2779.61,580.08,2907.49,608.51,2889.79,563.86,2827.58,1126.35,2736.83,914.96,2580.62,2810.14,1175.13,2585.93,589.17,2557.34,2550.86,824.52,2569.54,2487.62,897.76,2575.14,2565.02,1144.93,2605.93,1115.08,1411.35,2732.83,689.14,1679.54,2679.60,750.51,


1kohm+10pF
-31218,-9169,2329,-16323,10934,-11890,15506,-2023,14292,5079,10485,9577,5741,11370,1871,10651,-814,9445,-2559,8499,-3810,7564,-4744,6230,-5452,4583,-5817,2940,-5815,1374,-5521,41,-5013,-1063,-4351,-1959,-3533,-2711,-2643,-3233,-1752,-3531,-884,-3627,-60,-3540,682,-3282,1309,-2900,1790,-2433,2141,-1905,2377,-1365,2481,-822,2477,-307,2384,166,2209,587,1977,945,1691,1237,1387,1462,1053,1617,728,1710,405,1747,93,1725,-194,1650,-450,1535,-675,1395,-863,1223,-1015,1035,-1125,840,-1114,692,-1251,422,-1264,199,-1247,-11,-1146,-86,-1086,-298,-999,-513,-879,-644,-778,-644,-608,-821,-458,-892,-383,-838,-183,-911,-12,-926,131,-889,257,-264,362,-750,464,-672,509,-592,496,-401,650,-370,503,-168,686,-160,686,-47,128,76,629,138,94,105,526,296,54,119,395,396,11,116,252,454,-6,116,117,467,50,460,-34,131,-60,431,-63,66,-155,380,-192,343,-83,54,-252,275,-273,229,-108,54,-307,150,-73,6,-321,85,-311,33,-72,-18,-308,-36,-283,-72,-62,-30,-261,-136,-224,-167,-50,-36,-174,-221,Frequency sweep complete!
Numero dati acquisiti: 101
681.39,690.63,696.95,702.03,691.53,693.04,699.41,725.36,779.45,745.91,700.20,684.23,684.31,687.71,690.03,691.84,692.19,693.57,695.22,695.21,694.51,691.91,689.23,687.31,683.17,682.48,682.56,679.92,679.59,678.93,675.96,674.30,672.05,671.96,668.42,664.19,664.06,661.49,658.34,657.67,655.65,650.83,648.52,645.69,645.21,666.52,648.33,635.95,639.46,675.22,673.88,633.71,659.67,689.85,671.54,661.38,693.95,672.43,632.00,630.44,1552.98,674.10,359.68,669.91,807.18,580.06,904.89,672.51,135.21,2976.00,153.64,2953.74,157.80,2985.43,152.32,3142.44,143.58,2922.53,130.36,691.44,2291.62,166.67,3173.88,122.74,695.67,2636.45,131.22,685.17,1983.03,154.86,3124.26,665.25,212.36,2845.00,291.45,259.06,2844.61,169.06,311.77,2831.97,167.10,

Frequency sweep complete!
Numero dati acquisiti: 101
329.49,329.87,330.20,329.97,330.10,329.92,329.91,330.27,329.96,330.06,329.93,329.89,330.11,331.80,329.84,329.90,329.97,330.00,329.81,329.85,330.20,330.05,329.77,329.78,330.11,329.70,327.54,329.79,329.75,330.07,329.50,329.62,330.44,329.99,330.55,330.41,329.98,329.59,330.13,330.61,329.51,330.17,329.10,330.05,330.26,329.78,330.15,330.27,330.14,329.81,329.48,329.71,339.17,330.39,329.75,328.19,329.73,330.12,330.01,342.92,329.18,330.99,314.50,330.86,330.60,225.00,327.46,329.41,327.61,329.53,323.75,331.68,325.23,331.67,324.02,330.00,594.89,331.96,327.58,300.20,333.53,339.91,328.10,331.84,279.35,330.47,329.28,295.97,334.04,1274.15,111.67,337.28,640.51,154.85,329.33,424.93,172.73,315.46,314.37,132.72,313.84,-31343,-8987,7724,-14244,14982,-2225,12253,7900,8725,12186,3330,14240,-916,13385,-3421,10676,-4945,7988,-6050,5558,-6813,3812,-6920,2186,-6367,505,-5826,-816,-5616,-1898,-4905,-2840,-3932,-3561,-2906,-4041,-1886,-4254,-940,-4278,-112,-4220,648,-4028,1311,-3714,1894,-3252,2360,-2714,2698,-2109,2911,-1495,3007,-869,2977,-269,2845,281,2620,779,2331,1203,1981,1554,1596,1818,1186,2006,754,2106,354,2131,-42,2086,-399,1974,-724,1808,-1001,1595,-1224,1347,-1397,1078,-1514,798,-1573,510,-1538,308,-1554,-23,-1485,-263,-1382,-474,-1252,-578,-1097,-808,-940,-930,-778,-1016,-611,-1037,-432,-1114,-273,-1126,-118,-1088,46,-1083,193,-1040,239,-974,440,-878,565,-781,653,-666,421,-40,767,-419,796,-287,437,44,794,-30,253,188,723,180,210,249,603,359,201,323,442,486,38,279,267,560,-47,207,81,571,-83,104,-84,514,-153,473,-140,145,-226,359,-79,22,-279,267,-291,219,-99,0,-283,150,-274,119,-114,-21,-281,77,-179,32,-151,-36,-281,22,-43,-19,-274,-25,-290,-73,-37,-21,-224,-129,-240,-218,-37,-30,
Frequency sweep complete!
Numero dati acquisiti: 101
329.22,334.97,352.31,350.16,328.48,319.97,321.09,344.39,381.88,388.58,365.60,354.87,367.16,368.00,335.12,326.32,326.99,328.98,334.56,340.65,342.01,341.73,338.26,335.99,332.96,330.90,327.56,328.56,331.00,333.61,335.88,336.49,336.78,336.52,335.64,335.10,333.45,331.61,330.46,328.65,326.20,325.18,322.53,320.31,319.71,324.27,315.34,314.64,312.29,319.79,311.97,309.68,309.81,320.70,312.38,292.24,318.32,312.24,311.39,109.70,311.91,309.69,148.08,658.83,310.05,185.92,572.71,308.75,160.07,309.16,147.32,308.60,115.77,308.73,131.31,304.68,251.50,305.75,1253.76,78.72,309.89,118.11,328.34,1620.68,61.15,335.74,1192.15,90.32,367.07,911.99,98.54,563.29,238.10,160.52,2014.11,83.53,158.42,2005.02,71.54,105.86,1789.50,AD5933 Test Started!
Calibrated!

RCAL=330ohm
-26184,-6240,1517,-15292,5363,-14476,8717,-12757,11956,-8834,13402,-3478,12484,1866,10067,5304,8562,6456,6129,7291,3754,7630,1723,7475,13,6979,-1391,6292,-2520,5346,-3371,4323,-3926,3270,-4219,2240,-4297,1277,-4199,385,-3956,-411,-3583,-1106,-3117,-1695,-2571,-2162,-1975,-2492,-1362,-2691,-751,-2769,-165,-2717,368,-2566,835,-2325,1230,-2005,1540,-1632,1756,-1221,1876,-803,1906,-376,1861,32,1725,375,1534,684,1301,937,1042,1122,767,1249,480,1315,212,1325,-45,1284,-272,1199,-473,1082,-627,944,-712,896,-875,591,-942,409,-963,229,-1017,197,-922,-121,-867,-278,-799,-428,-799,-444,-573,-622,-445,-704,-377,-689,-246,-717,-49,-773,88,-760,186,-85,292,-652,397,-583,245,-50,524,-411,583,-305,579,-226,602,-112,77,70,569,68,49,88,495,221,60,97,388,332,331,362,262,397,194,416,-23,82,71,425,24,358,-36,398,-88,375,-52,45,-166,319,-201,283,-65,28,-247,209,-267,167,-77,20,-278,84,-279,47,-84,-4,-261,-21,-115,-22,-91,-35,-208,-103,-58,-44,-68,-52,-142,-156,
Frequency sweep complete!
Numero dati acquisiti: 101
329.43,330.00,329.99,330.10,330.10,329.92,330.06,330.17,330.11,329.96,330.02,329.94,330.00,329.30,329.82,329.94,329.94,330.00,329.82,329.68,329.75,330.58,330.01,329.60,330.08,329.95,329.41,329.89,329.78,329.68,330.66,330.11,330.00,329.24,330.70,327.14,329.63,331.56,329.69,330.49,329.84,329.78,328.35,329.75,330.06,330.22,330.73,315.64,329.27,328.48,330.22,310.31,331.52,330.46,327.71,320.44,328.80,329.21,346.82,343.03,328.75,328.67,596.74,330.00,329.47,890.71,330.92,327.36,58.22,329.67,357.72,331.72,342.78,329.44,285.48,328.95,60.61,327.30,334.10,788.69,325.60,69.64,330.15,330.64,390.24,329.23,319.59,699.11,331.04,66.60,1250.52,332.77,73.48,1077.53,332.83,156.87,802.74,329.36,257.70,860.56,327.79,

1kohm+10pF
-30794,-9075,1917,-16361,7599,-14402,13284,-8722,15128,-1256,13556,4371,10115,8021,6157,9547,3567,10051,956,9552,-1139,8530,-2626,7318,-3685,6042,-4446,4759,-4889,3454,-5099,2171,-5061,956,-4804,-152,-4353,-1111,-3764,-1890,-3090,-2494,-2346,-2921,-1580,-3166,-807,-3247,-52,-3157,627,-2918,1196,-2579,1652,-2144,1978,-1655,2179,-1140,2261,-629,2237,-150,2123,284,1934,658,1697,973,1420,1230,1128,1399,816,1515,518,1572,222,1573,-51,1528,-300,1437,-516,1316,-701,1169,-851,1003,-970,830,-1061,644,-1094,469,-1144,235,-1137,42,-1103,-150,-1051,-199,-933,-454,-828,-597,-715,-682,-669,-724,-411,-841,-261,-880,-103,-718,21,-851,153,-820,277,-769,193,-139,461,-612,540,-522,202,-43,629,-316,655,-212,553,-104,652,-7,97,78,583,170,66,97,475,308,32,100,352,396,-4,91,216,444,144,453,3,208,22,447,-48,67,-82,410,-131,383,-61,63,-205,317,-118,134,-230,216,-279,201,-67,12,-307,125,-307,82,-59,-4,-308,9,-297,-36,-55,-22,-262,-99,-239,-133,-51,-33,-187,-169,-155,-202,
Frequency sweep complete!
Numero dati acquisiti: 101
276.22,307.85,312.84,320.95,323.26,320.72,322.73,330.71,331.91,327.39,326.10,325.53,325.43,325.82,325.64,326.37,327.31,327.96,329.10,330.05,330.28,330.87,330.92,330.92,332.41,333.43,332.44,331.76,331.47,331.18,331.42,330.38,329.52,328.88,328.43,324.12,323.80,323.62,319.36,318.55,316.22,314.48,311.70,310.81,308.50,305.45,301.98,303.48,297.69,296.48,293.64,300.51,297.11,294.75,300.62,297.14,297.06,298.71,375.53,305.46,305.26,307.64,513.09,307.69,309.42,1078.42,313.07,312.86,64.31,309.59,299.07,313.02,294.28,315.46,310.12,317.05,326.38,315.31,322.63,322.89,313.48,303.16,315.55,314.63,306.02,313.61,621.30,156.82,311.49,308.16,300.13,304.13,351.57,294.08,291.30,310.07,279.44,279.50,308.84,292.27,271.58,

100ohm
-19521,-1155,522,-5693,1838,-5432,2899,-4940,3801,-4282,4538,-3481,5089,-2538,5486,-1531,5676,-343,5592,648,5325,1718,4819,2728,4090,3602,3156,4299,2057,4740,866,4887,-304,4720,-1332,4275,-2163,3635,-2779,2907,-3152,2115,-3346,1302,-3374,503,-3232,-151,-2976,-758,-2631,-1277,-2206,-1690,-1740,-1989,-1250,-2189,-760,-2282,-281,-2274,159,-2178,557,-2009,901,-1779,1177,-1490,1395,-1170,1526,-826,1583,-476,1575,-135,1498,184,1369,464,1184,704,968,884,734,1015,488,1091,247,1112,25,1079,-181,1012,-357,911,-472,801,-627,625,-719,459,-736,393,-771,160,-757,0,-723,-140,-719,-180,-590,-353,-502,-451,-427,-488,-339,-506,-192,-596,-77,-610,-49,-570,101,-72,214,-518,270,-391,350,-393,412,-302,421,-240,444,-136,443,-84,427,14,404,58,241,109,332,169,7,85,236,239,-14,82,137,273,95,278,-33,73,8,269,-28,258,-50,70,-90,222,-62,39,-133,168,-152,148,-67,21,-169,88,-170,66,-67,-2,-168,14,-161,-4,-64,-21,-144,-44,-132,-59,-58,-39,-105,-83,-86,-88,
Frequency sweep complete!
Numero dati acquisiti: 101
453.46,887.05,888.33,890.45,857.04,798.70,732.61,659.62,622.52,558.29,501.55,457.06,422.58,397.89,377.25,364.43,356.43,352.04,349.53,345.67,345.52,345.25,343.25,342.20,341.77,340.27,340.08,339.79,339.14,338.61,339.45,339.19,338.55,336.91,338.35,334.44,335.35,336.89,334.38,335.30,334.45,335.14,336.10,338.23,339.53,342.33,347.26,351.37,355.33,362.83,369.22,376.84,369.48,382.10,392.39,397.74,375.16,398.79,403.64,401.00,418.08,401.58,198.48,412.08,1873.56,397.39,463.79,409.29,70.84,416.56,80.17,421.58,80.81,437.57,123.10,450.91,348.58,463.51,1843.53,219.90,477.55,311.89,490.26,490.75,311.96,494.23,1514.53,230.92,504.88,298.73,522.12,529.94,310.16,537.51,541.14,272.69,519.79,528.73,268.42,550.40,561.97,


RCAL=100ohm, no circuito AFE

1kohm//10pF
-18180,6129,-586,4973,-1137,4882,-1655,4719,-2152,4502,-2622,4233,-3055,3911,-3450,3547,-3799,3150,-4104,2708,-4353,2243,-4551,1755,-4690,1254,-4768,737,-4795,222,-4766,-292,-4680,-797,-4536,-1284,-4349,-1750,-4108,-2188,-3828,-2593,-3505,-2969,-3147,-3296,-2759,-3583,-2344,-3821,-1916,-4015,-1465,-4156,-1010,-4245,-549,-4289,-97,-4281,349,-4222,777,-4120,1190,-3971,1583,-3791,1952,-3566,2282,-3314,2583,-3018,2843,-2706,3071,-2366,3259,-2015,3408,-1649,3511,-1274,3575,-900,3605,-520,3593,-146,3546,211,3464,566,3336,902,3186,1215,3003,1513,2802,1780,2569,2021,2313,2230,2051,2415,1778,2574,1491,2699,1201,2798,904,2862,610,2885,316,2889,30,2862,-246,2811,-520,2735,-772,2628,-1008,2497,-1225,2350,-1428,2185,-1611,2002,-1771,1817,-1908,1611,-2017,1397,-2111,1171,-2176,951,-2221,726,-2247,505,-2246,282,-2232,60,-2184,-149,-2124,-345,-2046,-542,-1957,-721,-1851,-889,-1734,-1044,-1601,-1184,-1459,-1309,-1307,-1410,-1144,-1500,-984,-1573,-817,-1629,-658,-1675,-489,-1701,-325,-1707,-161,-1703,-3,-1682,149,-1642,297,-1597,437,-1540,566,-1472,688,-1390,800,-1303,899,-1202,
Frequency sweep complete!
Numero dati acquisiti: 101
112.74,170.78,170.72,170.72,170.76,170.66,170.82,170.78,170.61,170.67,170.59,170.47,170.43,170.67,170.43,170.47,170.33,170.48,170.34,170.23,170.28,169.99,169.91,169.72,169.86,169.57,169.64,169.73,169.54,169.52,169.64,169.56,169.79,169.54,169.34,169.15,169.39,169.29,169.54,169.34,169.33,169.43,169.55,169.19,169.19,169.09,168.83,169.29,169.06,168.98,169.07,169.03,169.36,169.47,169.13,169.02,168.47,168.58,169.00,169.00,168.83,168.97,168.23,168.36,168.85,168.91,168.68,168.95,168.12,168.16,168.55,168.46,168.51,168.68,168.36,168.45,168.19,168.48,168.49,168.64,168.28,168.27,167.78,167.63,167.43,167.59,168.36,168.11,168.16,167.39,167.47,167.84,167.10,167.53,167.90,167.75,167.21,166.51,166.73,166.17,166.38,

Rcal=1kohm
10kohm+10pF
-16880,2046,-98,966,-210,952,-303,929,-393,890,-484,843,-563,791,-639,727,-705,656,-769,576,-817,500,-858,416,-897,321,-919,231,-934,137,-943,45,-936,-49,-924,-146,-898,-232,-860,-314,-826,-399,-778,-478,-719,-548,-656,-607,-586,-666,-521,-721,-440,-761,-360,-791,-279,-814,-195,-831,-111,-841,-25,-843,57,-837,138,-826,214,-796,288,-768,359,-728,429,-689,482,-634,535,-579,583,-518,626,-457,667,-393,691,-319,708,-253,723,-179,726,-110,729,-43,724,30,709,100,693,161,662,224,634,279,594,340,551,388,510,433,458,471,407,506,352,531,298,560,244,575,190,582,125,593,72,599,19,598,-39,589,-92,578,-144,558,-197,542,-241,512,-288,484,-323,453,-357,415,-388,375,-420,331,-437,287,-462,242,-472,195,-479,152,-487,100,-490,56,-484,13,-476,-27,-466,-74,-452,-114,-436,-154,-419,-191,-391,-226,-369,-253,-344,-284,-314,-314,-281,-332,-246,-354,-207,-371,-174,-382,-137,-395,-100,-402,-63,-403,-25,-402,8,-398,45,-390,
Frequency sweep complete!
Numero dati acquisiti: 101
1128.28,5150.14,5142.01,5112.55,5124.58,5118.43,5111.53,5111.33,5121.19,5117.32,5108.01,5112.82,5087.80,5087.88,5079.66,5057.17,5061.69,5040.05,5053.33,5081.73,5039.04,5030.86,5041.81,5054.30,5050.61,4989.50,5010.99,5018.45,5020.19,5015.90,4988.20,4962.38,4938.23,4902.15,4922.06,4896.19,4889.47,4832.14,4860.04,4857.16,4851.08,4814.92,4759.45,4778.15,4779.50,4762.79,4771.32,4727.06,4700.44,4691.23,4659.47,4675.67,4635.65,4624.33,4635.79,4608.58,4624.45,4611.60,4621.63,4571.79,4570.85,4594.58,4585.92,4523.63,4493.16,4482.64,4451.27,4479.11,4389.66,4403.39,4346.87,4329.08,4331.76,4320.40,4289.05,4320.91,4264.37,4268.01,4272.48,4249.06,4217.51,4235.94,4232.79,4212.07,4184.56,4138.88,4078.27,4089.93,4066.18,4024.48,3972.52,3985.30,3962.63,3936.66,3909.17,3871.17,3853.64,3853.02,3841.47,3823.10,3819.42,

30kohm//10pF
-16680,1408,-23,336,-63,340,-95,334,-119,324,-146,315,-173,298,-196,284,-218,266,-245,247,-259,228,-280,206,-298,178,-310,146,-326,128,-340,98,-347,72,-355,40,-357,11,-353,-18,-358,-53,-353,-84,-344,-114,-334,-145,-319,-174,-302,-203,-284,-232,-265,-257,-243,-281,-218,-302,-188,-318,-160,-336,-131,-349,-96,-359,-62,-368,-30,-370,7,-375,44,-373,70,-367,103,-362,139,-349,168,-337,198,-317,228,-295,250,-271,275,-250,299,-223,320,-193,333,-161,347,-129,361,-100,363,-68,367,-33,367,5,365,35,359,73,349,101,340,135,325,159,309,189,289,217,263,247,239,258,213,284,181,298,155,314,124,327,86,344,60,344,30,347,-4,345,-37,338,-71,332,-100,321,-127,311,-152,292,-180,275,-200,256,-225,236,-241,208,-257,186,-273,158,-279,131,-294,104,-296,75,-300,45,-304,14,-293,-10,-295,-35,-285,-67,-278,-92,-269,-114,-253,-139,-234,-163,-219,-179,-198,-196,-181,-214,-160,-226,-138,-242,-109,-252,-90,-262,
Frequency sweep complete!
Numero dati acquisiti: 101
1146.09,14847.91,14497.00,14386.84,14444.64,14330.58,14402.58,14337.20,14339.67,14132.59,14179.48,14024.81,13964.24,14069.96,13691.55,13492.86,13386.98,13197.56,13122.30,13162.74,12772.57,12659.87,12577.16,12406.10,12330.21,12197.13,12011.75,11814.55,11628.11,11494.95,11454.46,11245.78,11113.56,11047.20,10871.47,10818.48,10581.65,10442.26,10359.87,10173.69,10070.92,9910.59,9858.37,9753.68,9746.22,9545.14,9392.76,9237.48,9208.53,9073.42,8849.60,8847.98,8714.15,8623.19,8520.02,8416.16,8362.06,8186.11,8137.79,8006.59,7900.07,7796.35,7902.47,7687.77,7710.25,7556.43,7449.42,7279.52,7249.51,7154.33,7095.70,7083.52,6984.58,6933.92,6827.53,6862.38,6766.81,6709.44,6584.76,6635.73,6556.53,6502.13,6547.34,6372.95,6388.16,6308.78,6170.96,6300.35,6123.91,6132.00,6024.19,5933.15,5917.57,5864.65,5801.46,5809.23,5695.63,5675.70,5554.04,5542.99,5412.67,


30k+30k//10pF
-16625,1234,-8,166,-32,173,-49,171,-65,163,-77,156,-92,146,-106,139,-120,130,-129,114,-136,107,-147,98,-152,82,-160,65,-167,55,-173,37,-178,20,-177,4,-179,-10,-175,-23,-176,-39,-172,-58,-169,-68,-160,-85,-152,-97,-142,-114,-133,-124,-121,-139,-108,-147,-97,-158,-80,-165,-67,-175,-47,-174,-33,-185,-13,-180,0,-186,19,-187,38,-185,54,-177,69,-174,85,-166,99,-154,117,-148,127,-130,142,-118,147,-105,159,-91,166,-75,169,-60,176,-42,181,-27,178,-12,177,10,175,33,170,45,164,61,155,77,146,90,135,99,126,117,116,126,98,139,90,142,75,149,58,155,43,162,27,165,2,167,-3,160,-21,155,-32,152,-48,147,-60,144,-72,135,-82,126,-95,113,-106,104,-108,93,-118,87,-129,70,-130,56,-134,45,-135,33,-137,18,-137,5,-128,-8,-131,-17,-121,-34,-121,-39,-113,-54,-106,-64,-100,-74,-93,-80,-84,-90,-73,-95,-63,-99,-51,-105,-44,-110,-33,-115,-21,-115,-14,-115,
Frequency sweep complete!
Numero dati acquisiti: 101
1150.80,30089.01,28492.85,28084.91,28411.70,28599.65,28758.34,28301.78,27875.51,28560.00,28274.19,27594.80,28065.79,27916.85,27272.60,26987.01,26486.29,26630.37,26142.96,26358.93,25641.74,25307.55,25020.56,24932.93,24847.90,24373.38,24224.28,23666.13,23682.01,23093.01,23075.92,22334.08,22985.82,21845.95,22480.80,21591.26,21114.87,20766.27,20916.13,20456.33,20285.95,20384.24,19530.37,20009.77,19463.04,19637.37,19124.04,18950.82,18992.61,18563.98,18114.55,18316.21,18112.33,17772.52,17765.04,17620.79,17554.01,17460.40,17587.56,16866.65,16670.48,16539.53,16531.20,16360.75,16243.68,15787.02,15581.97,15455.33,15818.98,15930.66,15760.96,15575.26,15200.73,15237.21,15256.69,15302.31,14976.90,15293.25,14645.40,14393.20,14694.83,14509.20,14520.96,14383.11,14228.85,14922.52,14216.37,14695.96,14309.97,14334.60,14246.61,13933.98,13924.83,13585.08,13696.23,13792.36,13675.72,13265.62,12932.48,13018.65,12943.19,

10k+10k//10pF
-16733,1575,-46,498,-109,494,-157,477,-205,463,-250,435,-295,408,-328,370,-366,334,-395,291,-420,251,-441,206,-454,162,-464,116,-471,66,-476,16,-472,-32,-467,-81,-452,-123,-437,-165,-416,-208,-387,-246,-361,-282,-330,-317,-296,-344,-259,-372,-214,-391,-176,-406,-135,-420,-88,-430,-45,-433,-5,-436,36,-429,82,-421,117,-402,156,-388,197,-369,222,-348,257,-319,286,-289,307,-259,328,-226,345,-188,356,-155,365,-119,372,-85,373,-45,372,-11,367,28,356,59,347,97,331,125,311,155,296,182,276,209,253,228,230,250,200,269,174,278,145,298,115,306,87,309,51,313,25,315,-6,309,-34,306,-63,300,-99,291,-119,273,-140,257,-163,244,-182,225,-197,202,-214,181,-227,155,-238,131,-245,109,-249,78,-252,62,-255,31,-247,7,-244,-12,-241,-34,-228,-53,-220,-73,-209,-90,-201,-107,-181,-128,-170,-138,-153,-154,-141,-165,-122,-176,-106,-183,-86,-191,-68,-194,-51,-201,-37,-199,-17,-201,3,-203,20,-198,39,-193,
Frequency sweep complete!
Numero dati acquisiti: 101
1141.47,9998.74,9909.18,9948.36,9846.37,9916.72,9857.04,10005.62,9953.11,10021.48,9999.75,10016.06,10055.61,10080.32,10082.33,10024.46,10028.31,9947.37,10005.38,9960.09,9938.50,10017.52,9949.90,9871.86,9872.68,9791.61,9882.38,9856.08,9791.86,9754.65,9720.07,9598.27,9623.22,9571.43,9690.17,9603.31,9488.08,9501.33,9448.68,9417.43,9419.09,9369.00,9378.05,9365.81,9360.16,9296.60,9325.18,9275.55,9253.86,9308.43,9200.63,9235.54,9240.66,9108.54,9023.80,9052.96,8943.36,8933.84,8977.61,8751.03,8733.92,8762.66,8763.69,8636.84,8698.26,8594.36,8498.69,8397.53,8500.36,8514.40,8343.13,8322.67,8404.21,8317.72,8344.22,8315.39,8293.99,8353.36,8273.46,8223.64,8417.80,8395.33,8291.54,8490.38,8415.41,8410.34,8247.31,8331.93,8308.43,8269.94,8127.80,8094.45,8077.35,7984.28,7982.20,7804.79,7886.81,7791.22,7621.12,7647.46,7615.28,

10k//10pF
-16880,2034,-92,953,-205,939,-301,913,-392,881,-475,834,-553,777,-627,721,-699,648,-756,576,-807,497,-848,409,-880,324,-899,224,-921,139,-933,45,-924,-45,-908,-138,-882,-225,-852,-309,-812,-391,-766,-466,-710,-537,-647,-596,-584,-658,-509,-703,-434,-745,-358,-780,-275,-804,-194,-822,-111,-831,-30,-831,49,-828,136,-814,210,-788,282,-759,356,-722,417,-678,474,-628,530,-575,582,-516,618,-454,656,-392,680,-323,699,-251,717,-181,722,-113,722,-45,718,28,703,97,684,159,658,219,625,276,590,325,549,382,504,425,457,462,406,496,352,521,301,549,245,567,186,582,129,586,75,593,23,593,-34,585,-86,571,-134,559,-191,536,-235,508,-277,476,-319,447,-351,412,-387,373,-410,329,-432,289,-453,242,-464,193,-478,153,-481,100,-481,58,-479,18,-475,-26,-466,-70,-451,-110,-436,-147,-416,-187,-389,-219,-370,-252,-341,-281,-312,-309,-282,-330,-247,-349,-212,-368,-177,-380,-135,-387,-101,-398,-67,-397,-29,-397,8,-395,41,-386,
Frequency sweep complete!
Numero dati acquisiti: 101
1128.37,5222.91,5215.68,5196.72,5170.46,5183.92,5203.74,5177.75,5174.06,5173.17,5162.40,5178.26,5168.95,5203.76,5148.18,5111.25,5128.37,5133.54,5149.03,5133.47,5128.98,5123.42,5120.08,5135.16,5092.63,5113.78,5108.92,5081.81,5083.74,5069.29,5047.18,5032.97,4994.73,4974.41,4974.95,4959.87,4930.22,4927.26,4919.42,4896.48,4864.03,4866.58,4821.55,4830.61,4838.36,4797.16,4794.15,4771.92,4740.18,4733.25,4720.64,4711.96,4699.74,4698.70,4671.00,4676.72,4675.16,4672.00,4682.72,4632.05,4622.36,4603.83,4631.78,4565.92,4529.93,4515.55,4511.67,4490.36,4448.89,4451.87,4445.33,4385.90,4381.23,4337.35,4363.07,4346.37,4330.43,4337.28,4278.01,4299.88,4293.29,4278.68,4242.17,4217.53,4201.99,4159.42,4117.45,4137.63,4063.81,4062.95,4017.25,3993.34,3995.25,3937.99,3914.41,3948.74,3887.76,3903.56,3887.01,3852.13,3862.87,

-16880,2035,-93,955,-208,943,-300,919,-391,881,-476,833,-556,782,-631,718,-695,649,-757,573,-805,495,-849,417,-881,319,-902,226,-921,139,-930,45,-923,-45,-912,-139,-884,-226,-848,-309,-814,-390,-765,-463,-710,-536,-647,-600,-583,-654,-516,-706,-434,-747,-358,-781,-275,-806,-197,-821,-112,-830,-30,-829,51,-829,132,-814,211,-786,281,-759,353,-723,413,-678,474,-628,527,-574,580,-519,618,-455,651,-388,682,-320,700,-255,715,-183,722,-112,721,-45,715,26,698,94,686,158,656,220,629,273,590,330,549,381,506,421,456,465,404,498,351,521,298,548,243,566,190,576,131,585,73,592,22,589,-37,586,-89,570,-140,551,-190,537,-239,510,-277,476,-316,450,-352,413,-385,371,-411,331,-429,290,-453,242,-464,195,-476,152,-479,101,-480,59,-480,17,-474,-29,-464,-70,-451,-112,-430,-151,-416,-187,-391,-221,-367,-252,-341,-282,-313,-309,-281,-326,-245,-353,-210,-369,-175,-379,-138,-390,-102,-394,-69,-401,-32,-401,4,-396,42,-387,
Frequency sweep complete!
Numero dati acquisiti: 101
1128.36,5211.55,5191.11,5167.75,5172.64,5185.94,5172.21,5175.72,5186.29,5178.71,5177.43,5154.17,5173.22,5184.76,5148.18,5127.70,5133.91,5110.70,5136.70,5154.86,5121.20,5137.24,5123.55,5119.36,5113.87,5075.51,5098.70,5076.43,5072.44,5070.96,5052.35,5045.10,4988.00,4978.33,4985.18,4962.00,4932.81,4940.22,4919.42,4913.87,4860.89,4862.82,4861.90,4827.23,4823.42,4806.56,4795.16,4778.52,4760.54,4769.27,4709.09,4722.72,4682.87,4681.84,4674.99,4684.08,4664.86,4669.91,4686.89,4649.25,4635.19,4637.77,4635.97,4575.41,4560.94,4506.48,4515.84,4540.35,4444.14,4424.19,4445.33,4380.19,4369.85,4360.29,4346.26,4362.58,4330.43,4330.63,4296.93,4315.28,4301.03,4270.10,4249.54,4235.31,4197.67,4199.32,4117.45,4112.53,4086.41,4057.10,4010.76,4027.55,3975.47,3939.16,3930.80,3912.23,3922.40,3862.50,3846.27,3842.99,3851.95,
-16881,2035,-94,953,-204,950,-301,918,-394,879,-472,834,-555,781,-630,719,-696,649,-758,576,-807,496,-851,409,-880,322,-905,228,-921,139,-930,45,-923,-48,-907,-138,-881,-226,-849,-314,-814,-391,-767,-466,-711,-535,-647,-599,-582,-654,-505,-707,-434,-744,-358,-780,-276,-805,-195,-822,-111,-832,-30,-832,51,-830,133,-818,208,-788,280,-756,353,-724,413,-681,474,-628,529,-576,578,-516,617,-456,652,-393,680,-321,700,-253,713,-179,719,-113,720,-45,715,29,702,94,685,157,659,219,625,271,593,327,549,379,504,424,456,464,407,497,351,522,297,546,244,565,186,584,129,585,75,590,22,591,-36,585,-87,571,-147,566,-188,536,-238,509,-279,476,-317,450,-350,413,-384,373,-410,331,-429,291,-452,241,-466,194,-476,154,-484,101,-480,60,-479,16,-474,-25,-462,-67,-448,-110,-434,-148,-415,-187,-392,-224,-371,-254,-343,-283,-313,-307,-281,-329,-243,-348,-210,-370,-176,-379,-138,-391,-101,-398,-65,-402,-29,-399,4,-395,40,-386,
Frequency sweep complete!
Numero dati acquisiti: 101
1128.30,5221.85,5159.11,5171.17,5175.89,5191.94,5179.74,5175.22,5182.30,5164.52,5165.26,5163.43,5172.75,5165.89,5148.18,5127.70,5133.07,5139.07,5153.11,5139.70,5118.74,5118.55,5122.42,5123.31,5117.75,5108.41,5114.05,5081.81,5076.15,5067.91,5041.22,5026.93,4982.01,4953.65,4978.08,4981.45,4927.31,4924.32,4919.42,4896.11,4882.79,4864.16,4840.01,4836.11,4827.84,4825.66,4813.67,4785.13,4759.77,4742.58,4717.12,4705.52,4713.57,4673.77,4682.96,4681.29,4669.97,4661.77,4680.71,4665.96,4639.13,4589.52,4639.33,4588.77,4545.53,4514.63,4510.50,4414.03,4456.72,4434.66,4437.20,4375.61,4380.30,4354.82,4352.68,4357.87,4341.87,4318.11,4291.67,4272.57,4299.94,4279.32,4251.58,4257.24,4228.53,4173.69,4125.70,4091.11,4046.15,4037.22,4023.59,4006.35,4024.60,3931.11,3926.85,3903.34,3887.76,3859.39,3867.63,3852.72,3863.91,
-16881,2036,-93,955,-202,941,-301,917,-392,879,-478,832,-552,779,-629,721,-699,647,-758,572,-808,498,-849,410,-882,319,-901,226,-922,138,-929,43,-924,-48,-910,-142,-883,-227,-851,-312,-814,-390,-765,-464,-709,-536,-647,-600,-581,-655,-513,-702,-434,-750,-358,-778,-276,-803,-196,-822,-112,-830,-29,-832,49,-827,132,-809,213,-792,282,-756,354,-725,419,-679,474,-626,528,-573,575,-516,617,-454,655,-389,681,-320,698,-254,715,-181,725,-110,720,-47,717,27,703,94,684,161,658,221,626,274,591,331,550,379,508,423,459,461,406,497,352,519,299,547,245,569,187,586,132,589,74,593,20,596,-35,583,-90,571,-146,556,-190,535,-238,508,-278,480,-318,449,-351,412,-383,374,-411,333,-431,286,-452,241,-463,194,-476,152,-482,99,-483,58,-479,13,-473,-27,-463,-69,-448,-110,-435,-153,-416,-188,-392,-222,-372,-252,-340,-279,-315,-308,-282,-328,-246,-352,-211,-369,-173,-381,-137,-391,-98,-396,-65,-399,-32,-399,6,-396,42,-388,
Frequency sweep complete!
Numero dati acquisiti: 101
1128.29,5211.55,5208.53,5176.26,5180.28,5185.25,5198.01,5170.64,5177.75,5177.65,5154.92,5170.93,5168.04,5190.18,5143.54,5133.72,5127.53,5119.13,5140.76,5132.97,5121.20,5134.26,5128.15,5119.36,5117.26,5104.70,5083.43,5092.60,5087.46,5066.52,5052.35,5027.14,5000.75,5008.30,4946.81,4977.15,4919.14,4915.53,4929.41,4914.24,4896.91,4871.70,4836.70,4833.03,4837.85,4809.77,4777.75,4784.28,4747.04,4735.95,4717.58,4707.66,4698.98,4672.43,4677.19,4664.12,4670.14,4666.37,4695.09,4652.23,4608.66,4573.03,4604.31,4566.87,4507.98,4530.53,4506.92,4490.26,4458.90,4441.82,4413.58,4377.52,4381.23,4354.97,4335.94,4367.34,4341.87,4341.92,4296.93,4293.09,4275.77,4280.13,4259.55,4245.60,4228.53,4150.33,4113.75,4100.09,4048.84,4081.82,4004.15,4007.36,3977.77,3934.57,3921.54,3906.46,3913.20,3887.66,3865.42,3842.75,3842.13,


10k // 22nF
-16926,10250,-1098,9162,-2106,8992,-3075,8685,-3994,8279,-4858,7775,-5661,7181,-6382,6505,-7024,5752,-7580,4938,-8037,4076,-8397,3169,-8640,2235,-8793,1284,-8831,328,-8771,-617,-8598,-1551,-8334,-2449,-7968,-3307,-7514,-4108,-6984,-4854,-6376,-5526,-5708,-6131,-4979,-6648,-4214,-7082,-3409,-7427,-2579,-7674,-1738,-7829,-893,-7888,-56,-7865,768,-7750,1558,-7553,2317,-7267,3028,-6911,3695,-6482,4298,-5993,4848,-5454,5325,-4861,5726,-4232,6063,-3576,6321,-2895,6502,-2198,6612,-1501,6646,-803,6605,-118,6493,549,6317,1193,6083,1802,5789,2376,5443,2910,5053,3399,4611,3836,4136,4213,3645,4551,3130,4821,2590,5035,2045,5191,1492,5288,944,5327,407,5314,-122,5251,-632,5135,-1113,4964,-1577,4756,-2008,4513,-2396,4224,-2758,3909,-3075,3568,-3358,3196,-3595,2806,-3789,2403,-3944,1991,-4051,1578,-4114,1156,-4143,742,-4128,336,-4073,-65,-3978,-451,-3856,-811,-3702,-1161,-3511,-1480,-3295,-1782,-3067,-2057,-2810,-2295,-2539,-2512,-2249,-2691,-1947,-2847,-1644,-2966,-1332,-3054,-1023,-3111,-714,-3145,-413,-3140,-113,-3111,176,-3057,452,-2975,719,-2875,964,-2747,1192,-2601,1402,-2430,1594,-2255,1766,-2066,
Frequency sweep complete!
Numero dati acquisiti: 101
969.53,541.92,542.79,542.24,542.40,542.70,542.73,542.89,543.22,543.49,542.94,543.20,543.14,542.55,542.62,542.99,543.02,542.78,543.28,543.28,543.48,544.45,544.12,543.87,543.68,543.12,544.10,543.84,544.17,544.35,543.33,542.68,543.15,544.09,543.76,544.55,543.88,543.96,543.61,543.98,544.17,543.73,543.44,543.23,543.96,544.41,544.98,544.11,544.30,544.23,544.35,544.79,543.88,542.81,543.51,544.54,544.53,545.03,544.24,544.16,543.58,543.69,546.31,544.67,544.23,544.88,544.57,548.00,546.07,546.40,545.65,545.16,545.44,545.55,544.93,545.45,545.98,544.44,544.90,544.48,545.91,547.50,546.46,547.79,546.15,545.70,544.48,544.68,546.01,548.19,546.99,547.33,548.73,546.19,545.31,546.13,548.35,549.30,551.52,551.12,551.69,

20k//10pF
-16733,1569,-41,494,-97,501,-145,482,-189,470,-229,445,-269,417,-305,389,-341,364,-372,326,-396,294,-422,254,-438,211,-456,168,-470,127,-481,81,-485,37,-486,-6,-485,-55,-473,-96,-464,-139,-444,-180,-430,-220,-407,-258,-377,-293,-351,-329,-315,-355,-282,-383,-244,-404,-205,-424,-162,-440,-121,-454,-80,-459,-33,-466,6,-468,49,-463,96,-454,133,-438,174,-425,212,-407,247,-383,280,-360,311,-329,339,-297,361,-264,380,-227,399,-189,414,-151,424,-114,433,-71,437,-35,431,9,428,46,419,86,410,124,393,159,374,192,352,225,324,253,300,284,274,305,245,325,210,345,174,363,139,373,106,383,68,389,34,392,-7,388,-40,380,-75,374,-108,361,-140,347,-170,331,-199,310,-225,289,-253,265,-269,238,-289,213,-309,180,-319,151,-331,122,-337,89,-343,59,-343,23,-338,-3,-338,-36,-327,-66,-322,-93,-309,-123,-295,-153,-281,-175,-258,-198,-236,-219,-213,-239,-189,-254,-165,-269,-138,-280,-114,-291,-83,-296,-56,-303,
Frequency sweep complete!
Numero dati acquisiti: 101
1141.51,10087.93,9823.32,9925.34,9842.02,9941.61,10000.88,10008.44,9887.58,9940.17,9920.28,9898.05,9970.06,9920.95,9849.26,9788.04,9753.57,9700.45,9602.14,9639.58,9543.10,9588.25,9436.49,9374.16,9383.65,9225.75,9281.17,9169.91,9152.79,9090.91,9024.70,8907.40,8891.82,8787.64,8668.27,8625.64,8552.75,8567.97,8428.31,8343.90,8301.38,8182.68,8138.72,8068.68,8034.85,8014.36,7935.48,7833.42,7757.60,7655.28,7561.62,7579.98,7459.36,7399.46,7293.42,7272.71,7226.64,7168.23,7162.46,7020.32,6963.60,6911.37,6881.15,6779.71,6753.46,6658.46,6597.18,6560.13,6523.38,6521.37,6418.16,6391.92,6337.40,6265.18,6226.20,6167.89,6070.36,6068.53,5980.54,5907.27,5893.55,5813.84,5789.77,5710.37,5674.28,5661.93,5524.85,5536.91,5427.91,5397.97,5308.35,5236.33,5252.51,5194.64,5125.62,5112.01,5058.66,5034.68,4950.69,4950.62,4866.29,


20k +20k //10pF
-16655,1564,-45,497,-108,493,-162,474,-211,459,-253,430,-294,402,-334,369,-369,333,-400,288,-423,245,-445,197,-461,153,-468,103,-480,53,-482,2,-478,-44,-466,-89,-453,-137,-437,-176,-414,-221,-389,-258,-353,-295,-317,-324,-281,-351,-238,-375,-199,-399,-160,-409,-116,-420,-72,-424,-30,-427,10,-423,51,-416,95,-403,135,-387,167,-370,206,-351,235,-321,262,-298,290,-269,309,-236,330,-198,344,-172,355,-133,364,-99,362,-61,361,-27,361,17,355,48,344,80,328,112,308,137,290,164,268,188,245,212,221,229,193,245,167,260,142,264,115,278,89,285,59,288,34,286,1,285,-25,278,-48,269,-74,259,-97,239,-117,233,-136,215,-153,199,-173,183,-186,168,-197,143,-208,125,-217,104,-226,82,-227,61,-231,38,-229,13,-226,-5,-222,-25,-216,-44,-211,-62,-198,-80,-190,-101,-178,-114,-165,-131,-153,-139,-137,-148,-118,-163,-99,-172,-86,-174,-66,-181,-50,-184,-33,-184,-14,-184,1,-183,16,-181,29,-175,48,-170,
Frequency sweep complete!
Numero dati acquisiti: 101
1146.84,10020.52,9932.57,9973.26,9869.34,9972.65,9964.72,9940.11,9922.08,9975.22,10009.10,10017.81,9979.25,10060.96,9929.60,9905.18,9883.38,9937.93,9903.34,9875.57,9849.72,9841.26,9907.75,9965.68,9964.80,9992.95,9879.27,9930.68,9914.08,9955.21,9885.37,9891.14,9884.82,9915.07,9898.45,9892.97,9751.73,9858.48,9754.64,9680.29,9730.24,9697.14,9580.30,9592.69,9526.06,9663.40,9677.99,9551.78,9507.95,9510.74,9564.51,9693.67,9637.98,9668.12,9642.52,9688.14,9741.04,9691.02,9822.07,9639.89,9562.42,9568.42,9649.57,9575.94,9631.16,9683.69,9671.74,10007.31,9709.36,9794.73,9753.01,9564.15,9461.07,9576.87,9451.43,9387.88,9250.86,9273.01,9171.48,9209.92,9201.43,9180.42,9154.81,9037.00,9134.36,8894.13,8884.44,8767.23,8800.75,8901.74,8766.39,8734.52,8801.05,8680.96,8605.96,8657.91,8650.94,8587.99,8515.17,8579.58,8488.46,

20k+20k//22nF
-16655,1564,-45,497,-108,493,-162,474,-211,459,-253,430,-294,402,-334,369,-369,333,-400,288,-423,245,-445,197,-461,153,-468,103,-480,53,-482,2,-478,-44,-466,-89,-453,-137,-437,-176,-414,-221,-389,-258,-353,-295,-317,-324,-281,-351,-238,-375,-199,-399,-160,-409,-116,-420,-72,-424,-30,-427,10,-423,51,-416,95,-403,135,-387,167,-370,206,-351,235,-321,262,-298,290,-269,309,-236,330,-198,344,-172,355,-133,364,-99,362,-61,361,-27,361,17,355,48,344,80,328,112,308,137,290,164,268,188,245,212,221,229,193,245,167,260,142,264,115,278,89,285,59,288,34,286,1,285,-25,278,-48,269,-74,259,-97,239,-117,233,-136,215,-153,199,-173,183,-186,168,-197,143,-208,125,-217,104,-226,82,-227,61,-231,38,-229,13,-226,-5,-222,-25,-216,-44,-211,-62,-198,-80,-190,-101,-178,-114,-165,-131,-153,-139,-137,-148,-118,-163,-99,-172,-86,-174,-66,-181,-50,-184,-33,-184,-14,-184,1,-183,16,-181,29,-175,48,-170,
Frequency sweep complete!
Numero dati acquisiti: 101
1146.84,10020.52,9932.57,9973.26,9869.34,9972.65,9964.72,9940.11,9922.08,9975.22,10009.10,10017.81,9979.25,10060.96,9929.60,9905.18,9883.38,9937.93,9903.34,9875.57,9849.72,9841.26,9907.75,9965.68,9964.80,9992.95,9879.27,9930.68,9914.08,9955.21,9885.37,9891.14,9884.82,9915.07,9898.45,9892.97,9751.73,9858.48,9754.64,9680.29,9730.24,9697.14,9580.30,9592.69,9526.06,9663.40,9677.99,9551.78,9507.95,9510.74,9564.51,9693.67,9637.98,9668.12,9642.52,9688.14,9741.04,9691.02,9822.07,9639.89,9562.42,9568.42,9649.57,9575.94,9631.16,9683.69,9671.74,10007.31,9709.36,9794.73,9753.01,9564.15,9461.07,9576.87,9451.43,9387.88,9250.86,9273.01,9171.48,9209.92,9201.43,9180.42,9154.81,9037.00,9134.36,8894.13,8884.44,8767.23,8800.75,8901.74,8766.39,8734.52,8801.05,8680.96,8605.96,8657.91,8650.94,8587.99,8515.17,8579.58,8488.46,


10k+10k//22pF
-16740,2038,-102,966,-216,958,-317,921,-412,881,-503,828,-584,769,-660,699,-729,623,-788,542,-837,452,-873,361,-907,263,-923,171,-930,69,-928,-27,-916,-123,-893,-215,-862,-306,-822,-392,-771,-474,-715,-549,-646,-613,-574,-674,-499,-723,-418,-761,-334,-797,-250,-819,-161,-833,-73,-838,13,-837,98,-823,180,-798,261,-773,327,-730,396,-681,462,-635,515,-577,561,-513,604,-448,637,-377,664,-308,687,-244,699,-168,706,-95,701,-27,695,49,678,110,655,177,625,239,594,293,548,341,505,388,461,425,408,467,356,497,303,521,248,546,192,554,133,571,80,570,27,562,-32,551,-85,539,-131,518,-180,494,-220,462,-258,430,-295,398,-323,360,-353,327,-375,286,-396,248,-410,207,-423,164,-431,121,-435,78,-433,35,-432,-2,-421,-46,-411,-79,-394,-118,-375,-153,-353,-183,-335,-209,-303,-242,-277,-259,-247,-283,-219,-295,-187,-313,-156,-322,-124,-328,-91,-336,-62,-340,-26,-339,2,-339,34,-331,62,-324,91,-315,118,-301,141,-285,
Frequency sweep complete!
Numero dati acquisiti: 101
1137.64,5147.96,5104.51,5129.01,5126.33,5135.61,5139.50,5146.19,5142.83,5140.84,5143.50,5160.63,5132.76,5136.02,5141.97,5142.58,5133.22,5133.03,5123.95,5108.77,5107.36,5095.88,5118.09,5102.54,5100.18,5111.89,5097.34,5093.24,5091.61,5089.83,5054.90,5049.53,5064.33,5031.78,5072.03,5097.92,5053.99,5071.04,5091.64,5091.75,5111.13,5098.49,5054.04,5058.46,5044.41,5056.83,5028.54,5025.75,5020.00,5019.89,5005.05,5062.77,5042.05,5047.75,5037.82,5043.35,5040.82,4993.72,5021.64,4946.63,4960.30,4999.46,5035.45,5001.56,5031.31,5032.71,5091.23,5147.40,5109.89,5151.97,5087.83,5106.99,5075.07,5075.84,5055.52,5046.32,5032.51,5017.47,4970.06,4988.05,4969.93,4986.58,4982.70,4998.35,4940.24,4935.30,4952.13,4917.28,4951.56,4923.83,4930.29,4943.37,4907.20,4839.18,4826.30,4774.18,4797.64,4764.25,4718.96,4707.35,4715.69,

10k+10k//47pF
-16732,1571,-41,497,-103,501,-144,483,-189,471,-231,454,-274,430,-309,401,-342,366,-380,338,-404,302,-436,266,-455,219,-469,179,-496,131,-511,85,-514,37,-519,-13,-515,-58,-503,-108,-497,-160,-485,-206,-462,-254,-436,-298,-405,-341,-374,-373,-328,-412,-290,-442,-244,-468,-197,-494,-147,-507,-100,-520,-40,-522,6,-534,59,-524,111,-516,165,-496,209,-470,252,-450,295,-422,335,-389,367,-348,406,-311,424,-265,446,-224,461,-173,477,-127,479,-81,484,-33,480,18,476,66,461,110,445,151,422,193,398,235,371,271,338,306,303,329,263,353,230,375,190,393,150,407,110,418,64,422,23,425,-18,418,-56,412,-104,404,-132,385,-169,366,-203,346,-234,320,-258,293,-282,261,-306,233,-318,201,-336,167,-343,130,-354,103,-359,59,-356,26,-353,-9,-349,-39,-336,-75,-328,-101,-308,-131,-295,-158,-272,-187,-255,-202,-231,-225,-208,-245,-182,-256,-155,-274,-127,-286,-97,-290,-70,-295,-44,-299,-17,-298,10,-295,37,-286,64,-278,
Frequency sweep complete!
Numero dati acquisiti: 101
1141.57,10027.45,9800.77,9912.12,9824.02,9767.46,9733.29,9772.60,9845.26,9667.72,9700.11,9545.48,9599.11,9604.05,9347.17,9216.49,9206.19,9081.50,9043.58,9043.36,8853.17,8717.80,8645.23,8553.65,8462.57,8402.66,8364.47,8250.13,8184.74,8050.36,8015.94,7903.49,7913.33,7687.33,7693.91,7608.84,7592.54,7624.73,7504.74,7436.68,7369.50,7378.75,7204.59,7273.09,7199.98,7204.56,7097.63,7105.83,7020.97,6993.01,6898.31,6894.70,6833.05,6820.55,6759.13,6710.90,6663.42,6695.40,6688.58,6592.49,6540.57,6484.98,6429.91,6394.08,6316.09,6324.42,6265.73,6187.45,6219.86,6181.10,6102.83,6075.57,6074.05,6067.19,5963.40,6004.94,5927.45,5942.19,5823.71,5806.42,5827.27,5808.13,5746.60,5772.87,5683.74,5717.96,5611.76,5595.85,5592.22,5567.25,5488.88,5518.66,5426.31,5344.51,5366.13,5338.13,5282.16,5265.35,5241.93,5277.36,5256.24,

10k//10pF
-16878,2033,-75,954,-169,952,-247,937,-324,914,-394,885,-466,847,-538,812,-603,768,-671,713,-727,658,-781,600,-831,537,-874,463,-922,388,-958,309,-986,227,-1009,143,-1025,51,-1032,-37,-1031,-125,-1021,-220,-1003,-306,-980,-397,-948,-489,-904,-577,-851,-658,-796,-734,-728,-810,-651,-878,-569,-941,-486,-990,-393,-1038,-296,-1070,-193,-1095,-97,-1113,12,-1123,117,-1123,221,-1107,325,-1084,425,-1051,524,-1010,620,-959,708,-895,789,-825,865,-749,932,-662,990,-572,1043,-473,1085,-375,1115,-265,1130,-162,1140,-60,1136,53,1125,162,1105,269,1069,371,1028,471,977,559,917,651,849,734,770,808,691,875,600,934,507,985,408,1025,308,1054,203,1086,101,1087,-5,1087,-106,1077,-208,1060,-306,1028,-398,989,-489,939,-565,886,-649,824,-717,752,-782,681,-839,594,-887,512,-922,425,-956,333,-976,234,-987,142,-990,53,-983,-44,-966,-134,-944,-224,-915,-308,-872,-391,-826,-469,-777,-540,-717,-606,-654,-666,-582,-720,-511,-763,-433,-802,-355,-831,-273,-853,-194,-870,
Frequency sweep complete!
Numero dati acquisiti: 101
1128.51,5225.57,5184.57,5155.58,5141.39,5135.98,5133.59,5079.07,5050.68,5021.74,4989.76,4950.14,4899.07,4874.53,4793.67,4743.03,4688.93,4626.49,4566.92,4505.32,4450.84,4398.29,4346.52,4272.21,4200.30,4138.54,4094.85,4028.02,3966.49,3917.08,3847.99,3794.80,3732.63,3697.84,3648.85,3594.62,3533.91,3473.60,3428.83,3383.54,3337.16,3279.79,3226.56,3186.66,3147.86,3100.35,3064.70,3019.17,2974.08,2926.02,2892.53,2862.49,2812.77,2783.07,2748.60,2711.08,2684.92,2648.34,2615.75,2578.85,2543.96,2520.24,2492.68,2458.45,2426.62,2398.49,2372.52,2336.35,2318.88,2292.35,2262.22,2229.68,2210.86,2186.79,2166.42,2149.80,2120.38,2097.76,2070.56,2054.96,2030.95,2020.15,1993.46,1980.17,1956.20,1930.38,1908.53,1893.95,1875.08,1859.51,1845.92,1824.92,1805.31,1781.50,1757.97,1748.17,1738.39,1724.36,1712.23,1699.27,1682.20,

20k p 47pF
-16729,1567,-18,495,-59,512,-88,502,-117,501,-143,503,-178,504,-207,499,-240,495,-284,491,-318,481,-357,469,-399,453,-436,427,-483,412,-531,382,-576,352,-613,311,-654,265,-686,211,-716,157,-737,94,-760,27,-782,-37,-796,-110,-802,-186,-790,-264,-779,-339,-754,-417,-720,-494,-682,-568,-634,-641,-580,-707,-517,-770,-446,-820,-364,-869,-280,-913,-196,-938,-105,-966,-9,-978,93,-984,185,-979,286,-963,382,-938,479,-908,563,-864,652,-805,732,-743,806,-672,874,-589,933,-504,980,-410,1018,-317,1044,-213,1066,-110,1071,-3,1069,99,1052,206,1029,304,997,410,950,502,897,591,834,676,762,756,680,829,599,889,507,939,397,984,311,1017,213,1036,110,1049,4,1051,-97,1044,-197,1025,-297,1002,-388,960,-479,912,-558,856,-637,798,-706,720,-769,647,-825,568,-869,482,-906,395,-937,304,-955,208,-966,116,-966,17,-956,-71,-944,-161,-920,-245,-887,-334,-844,-417,-798,-488,-743,-560,-679,-622,-613,-681,-543,-731,-468,-778,-388,-810,-312,-841,
Frequency sweep complete!
Numero dati acquisiti: 101
1141.79,10095.49,9726.42,9802.32,9690.84,9514.49,9284.77,9157.76,8964.84,8668.12,8485.28,8271.30,8029.60,7900.18,7553.25,7298.77,7028.06,6859.07,6641.95,6482.34,6306.07,6182.91,5993.50,5770.10,5575.67,5391.04,5288.34,5133.66,5013.53,4903.29,4767.56,4642.01,4530.37,4426.37,4346.36,4262.54,4155.95,4092.81,3983.39,3915.02,3827.72,3745.64,3667.85,3590.58,3500.34,3439.99,3382.03,3309.66,3245.73,3187.08,3126.11,3076.02,3011.58,2970.42,2915.17,2878.83,2829.90,2793.57,2744.10,2690.26,2657.18,2618.65,2588.78,2542.54,2507.21,2468.40,2441.33,2432.67,2380.35,2355.94,2321.10,2291.64,2261.63,2233.55,2194.63,2181.72,2158.99,2133.12,2102.79,2094.91,2069.74,2047.61,2030.80,2010.82,1980.19,1958.08,1930.19,1911.79,1897.73,1874.69,1852.87,1828.89,1814.56,1787.98,1763.67,1757.63,1742.27,1725.91,1704.19,1694.52,1671.62,
