20kHz (5-5-5-5)
499.36,1159.78,955.44,725.92,366.91,478.82,560.61,657.44,542.41,378.33,286.05,604.53,793.98,943.12,529.68,511.15,1058.28,1712.24,1089.37,464.85,413.81,874.03,978.37,530.77,299.52,457.12,739.85,639.64,576.51,506.57,376.79,534.36,879.90,1043.28,455.35,374.25,894.84,1491.79,894.60,448.77,
496.53,1179.61,912.70,690.67,364.68,468.77,536.99,651.61,532.98,380.01,290.56,624.26,841.22,865.88,531.39,492.13,1012.28,1690.92,1083.69,464.93,417.44,971.85,988.28,563.36,291.25,437.59,703.85,622.65,576.61,500.94,370.88,553.92,854.15,1053.59,445.75,379.23,927.98,1628.91,833.91,448.05,
490.22,1227.84,878.93,738.95,363.52,458.32,545.70,632.71,567.95,366.60,289.28,612.91,814.21,930.27,527.25,492.13,930.27,1559.64,1080.95,438.60,428.66,942.34,906.63,539.35,294.34,445.20,699.45,609.24,565.08,481.86,368.45,538.92,835.05,1029.65,443.89,365.46,924.12,1691.64,903.42,467.17,
498.80,1294.62,904.33,694.96,372.03,452.74,559.50,649.86,544.23,367.30,289.15,582.20,828.60,923.69,518.12,506.62,1072.60,1744.73,1055.72,444.76,433.34,911.05,992.24,532.25,292.90,459.04,702.20,629.70,556.75,486.76,369.92,537.97,788.45,1130.77,427.38,364.47,840.95,1682.43,902.12,457.43,
474.32,1172.89,974.89,729.56,375.18,460.68,548.43,640.13,578.16,381.99,289.06,590.28,843.07,983.38,522.97,517.14,997.76,1657.93,1192.07,446.54,425.50,950.46,1000.01,563.36,298.56,440.45,683.84,624.26,563.71,502.37,381.56,544.68,866.68,1101.85,432.77,376.65,880.84,1610.32,890.75,453.31,
un buco
600.61,440.27,421.33,843.42,444.06,205.94,223.24,652.53,742.61,497.26,91.84,313.10,602.74,806.76,607.47,154.28,321.63,467.59,424.80,208.01,298.00,476.14,434.49,207.80,92.20,627.44,873.93,654.23,318.67,158.14,487.00,743.20,588.54,328.01,302.49,460.73,856.49,474.99,459.29,597.95,
612.74,439.87,440.08,840.95,445.75,212.74,222.61,649.28,807.74,494.51,92.33,313.55,612.27,793.98,602.33,154.59,331.07,493.30,428.11,209.67,303.55,461.14,432.69,210.42,92.01,608.07,937.76,634.43,316.28,158.32,491.28,793.78,588.71,317.36,298.00,486.19,781.30,490.40,464.56,641.67,
572.25,428.97,441.86,905.57,443.18,208.02,219.79,689.61,737.98,486.28,91.92,311.39,612.27,831.30,605.93,154.47,323.93,491.23,427.87,210.02,296.92,475.68,425.00,208.01,91.69,596.70,934.34,629.01,316.31,156.19,464.93,809.82,626.33,316.82,296.92,477.60,775.75,473.46,480.92,643.96,
596.70,447.57,418.67,898.35,460.98,212.31,221.73,656.13,745.08,510.00,91.44,317.33,604.09,793.98,617.58,153.51,325.85,495.49,415.04,204.70,295.76,479.36,415.87,207.46,91.53,588.06,873.93,655.39,307.17,158.70,473.41,749.16,626.33,328.09,298.81,481.59,845.55,489.57,474.66,641.08,
564.31,432.94,418.05,824.02,465.36,213.34,219.98,679.53,743.58,489.18,92.32,310.18,596.53,796.82,636.28,153.33,330.61,480.92,429.78,207.11,303.08,484.95,428.71,207.63,91.51,587.63,874.53,663.17,317.75,155.57,477.63,814.00,599.38,329.87,304.53,483.94,789.03,494.91,471.76,645.76,
due buchi
303.92,186.17,181.68,360.61,169.44,241.17,242.47,635.52,403.06,189.59,101.22,353.20,553.86,334.64,283.93,176.54,334.07,205.30,175.34,231.89,306.93,203.70,169.09,234.36,101.36,372.27,349.89,570.23,342.72,179.88,159.04,426.81,564.66,333.34,315.20,183.97,347.52,204.75,203.61,368.67,
303.09,184.27,178.20,344.10,169.44,241.44,241.69,648.14,409.73,184.03,101.09,353.59,600.49,336.34,275.18,178.56,341.51,205.63,172.32,231.69,313.63,199.23,168.57,228.37,101.13,370.70,338.37,601.91,338.76,177.06,160.56,405.72,591.53,346.07,306.08,184.46,349.89,206.07,205.68,366.93,
303.92,181.61,175.48,354.54,164.89,233.21,235.51,620.93,403.75,177.59,102.09,355.23,587.23,346.55,280.49,174.31,332.18,206.65,175.71,237.41,312.44,203.13,172.32,228.24,101.46,358.20,343.93,608.08,339.38,176.95,158.62,407.01,578.77,347.65,306.35,182.00,345.46,208.63,206.39,374.54,
292.05,180.39,176.70,344.80,165.26,228.49,233.30,636.99,402.68,176.71,100.76,343.92,568.01,341.13,276.57,178.73,341.65,206.79,175.07,230.69,311.89,200.05,171.42,235.02,101.14,358.47,335.64,600.86,347.68,177.30,159.30,412.01,573.13,332.30,317.41,184.96,339.61,203.78,206.56,370.70,
289.84,179.75,175.18,347.98,164.77,232.87,233.52,604.49,409.22,180.80,102.07,342.96,590.79,336.06,277.79,175.67,332.05,209.16,172.86,230.89,314.93,200.74,170.59,232.06,101.09,372.98,334.61,567.99,338.93,177.35,160.07,411.44,553.63,334.07,315.20,184.27,342.84,203.70,208.15,376.48,
baseline 2
496.28,1021.96,816.57,644.99,374.78,552.68,587.74,679.77,591.47,316.52,306.36,660.84,981.95,901.39,517.25,504.83,1203.06,1365.77,1082.73,547.61,465.30,836.51,883.85,589.21,301.70,405.58,672.67,628.30,608.22,500.38,380.66,596.09,876.51,1096.59,519.86,324.91,766.73,1176.31,796.49,404.92,
488.16,990.14,842.40,671.96,360.50,544.12,580.33,660.25,616.12,320.07,298.23,642.62,891.50,895.52,499.80,508.56,1162.11,1474.05,1120.08,544.12,484.91,918.55,830.83,619.83,298.16,401.65,677.83,630.69,643.94,517.42,376.70,623.51,907.46,1036.11,507.49,324.62,758.70,1170.24,802.67,387.22,
469.66,1015.28,832.04,644.99,368.10,551.32,577.11,640.32,625.31,313.50,310.16,619.79,877.43,861.49,501.20,519.83,1157.31,1620.94,1141.23,520.74,462.46,897.04,818.34,612.54,300.81,404.50,639.36,667.04,646.88,503.74,378.49,605.37,876.55,1032.02,500.92,322.80,773.02,1301.03,760.70,396.88,
494.10,1069.32,829.88,675.73,370.11,519.54,581.95,630.99,614.00,313.22,302.45,640.57,922.77,862.14,517.25,506.04,1132.03,1485.50,1181.16,546.64,463.46,926.56,858.26,612.54,305.84,401.04,665.00,648.13,615.74,493.19,358.20,627.07,883.85,1088.27,504.79,321.36,764.36,1310.16,760.92,400.16,
495.23,1100.36,823.73,648.36,373.44,515.92,627.23,675.73,617.98,318.10,302.84,641.19,934.68,916.62,515.75,516.01,1282.37,1473.14,1150.83,547.61,464.16,899.02,858.26,618.85,304.80,389.71,690.69,646.17,629.03,504.65,375.23,595.14,876.20,1066.89,528.76,323.88,813.52,1128.74,814.96,398.46,

346.83,690.97,472.39,298.84,150.41,598.52,707.52,666.99,380.66,152.52,329.88,770.54,917.80,414.35,335.72,569.92,1434.64,772.81,729.90,599.94,558.62,514.06,460.33,694.78,331.70,301.56,289.58,620.97,783.77,571.28,146.12,382.84,868.94,1269.13,614.52,152.69,401.98,782.24,517.44,316.12,
341.13,679.77,474.47,298.84,150.32,632.75,710.18,662.77,371.37,152.66,328.62,735.28,827.84,404.01,334.68,588.47,1351.21,831.48,717.13,606.68,560.07,489.38,469.11,734.98,338.24,311.82,284.73,648.13,753.89,569.92,146.28,384.80,877.47,1285.27,614.35,152.61,403.96,783.25,540.78,313.06,
337.29,658.81,474.98,289.17,151.45,599.88,710.08,630.47,371.29,151.92,343.40,740.12,898.85,416.97,343.16,558.67,1472.41,801.70,722.31,629.11,570.82,514.06,459.36,692.74,329.27,313.35,285.68,646.17,717.22,542.52,147.76,388.85,864.82,1215.55,587.74,151.21,416.97,763.11,527.69,303.40,
339.44,665.09,463.46,297.99,150.18,622.72,722.31,664.75,382.18,153.22,332.17,775.99,883.34,404.38,330.43,577.06,1492.64,829.01,669.06,609.30,581.45,497.62,480.30,707.58,331.80,299.97,285.36,661.91,782.24,576.27,145.74,390.86,939.32,1215.55,621.67,151.11,407.94,770.04,533.30,317.10,
336.79,650.58,471.22,295.07,150.60,605.37,702.96,619.79,379.26,153.63,338.75,745.54,868.34,402.81,344.48,551.27,1473.14,854.40,695.83,622.06,575.42,519.73,481.33,745.26,331.88,303.12,289.23,624.87,723.78,572.61,146.51,401.16,939.32,1126.21,578.17,151.75,410.30,724.71,537.71,316.52,



30kHz
503.77,1184.95,870.04,688.15,372.95,476.34,534.99,637.56,547.70,370.85,282.62,624.02,824.47,864.49,543.51,511.21,1170.10,1431.85,1266.04,496.90,418.04,837.39,896.94,548.34,287.83,435.90,697.32,651.42,584.84,481.45,376.36,578.88,799.69,1057.88,404.59,374.09,838.33,1442.33,794.33,432.39,
505.21,1140.59,864.75,688.31,374.01,475.24,534.99,637.56,551.94,370.02,284.37,616.02,810.38,869.64,545.42,511.21,1201.16,1417.05,1266.04,503.42,420.78,868.08,901.82,548.34,289.15,430.68,697.32,649.03,587.63,476.98,377.25,583.17,821.81,1012.89,403.58,371.83,817.67,1455.79,784.16,429.80,
499.75,1154.79,849.20,688.31,374.16,476.67,534.99,634.88,551.94,373.04,282.49,626.63,819.75,896.94,547.32,510.42,1151.13,1432.44,1301.03,499.40,417.75,856.85,895.79,548.34,290.84,430.25,696.24,642.18,589.63,479.53,375.27,578.88,776.93,984.76,398.53,370.71,816.05,1436.40,780.66,430.86,
496.26,1133.35,828.99,685.11,374.91,478.43,535.34,649.21,545.77,371.68,283.62,626.32,829.33,884.64,545.03,514.09,1141.33,1431.85,1289.05,495.44,416.95,867.30,907.90,546.01,287.67,432.84,705.92,649.12,586.81,478.22,374.85,571.25,790.20,1020.04,403.02,368.02,810.62,1449.09,791.16,430.39,
488.90,1160.65,853.77,681.79,383.45,488.27,534.99,640.92,556.94,367.86,282.37,620.49,796.28,874.36,546.48,512.03,1171.69,1417.90,1301.03,495.44,418.31,845.81,906.42,545.50,287.83,428.75,700.19,645.63,578.46,476.31,371.81,564.23,754.50,1012.99,401.74,365.17,852.41,1486.17,812.26,427.84,
buco sotto
573.11,441.94,404.96,836.69,448.81,210.84,204.94,623.01,729.13,480.98,89.18,303.02,594.53,791.28,608.56,158.07,336.27,501.25,440.59,212.89,296.60,468.57,417.54,205.53,89.19,585.07,865.36,622.06,303.10,158.54,470.02,782.56,596.06,338.47,292.26,475.71,821.95,478.41,450.00,584.84,
569.00,442.32,407.64,846.65,450.11,210.84,204.17,615.46,725.66,476.34,89.18,303.02,599.19,800.20,609.03,157.87,334.02,497.75,441.76,213.52,296.89,468.77,420.16,205.72,89.40,587.81,866.39,618.25,302.57,158.74,474.83,769.62,590.65,342.63,292.93,477.53,824.64,478.41,447.20,575.48,
583.02,442.48,407.80,835.88,446.40,210.92,204.36,615.46,740.79,479.54,89.12,301.03,596.86,791.97,606.65,158.22,336.48,506.37,442.13,214.16,296.42,471.88,418.70,205.13,89.04,585.07,855.98,626.76,301.83,158.74,474.83,782.56,594.18,340.28,290.93,472.58,826.04,479.76,449.53,579.31,
569.00,446.20,406.39,836.69,450.34,211.19,205.01,612.96,733.15,479.54,89.12,304.16,601.91,787.10,617.17,158.57,336.27,506.79,440.95,215.17,296.32,467.13,417.38,205.38,89.13,580.33,855.98,621.32,300.04,158.95,476.31,782.94,601.09,341.71,291.98,474.37,807.40,479.25,447.20,585.64,
575.57,442.14,403.91,842.01,447.28,211.54,204.94,618.58,732.60,482.42,89.09,303.59,607.05,795.48,614.28,158.87,336.27,504.79,439.41,215.17,296.99,470.22,417.21,206.05,89.19,585.73,860.66,621.32,301.30,158.95,470.02,765.68,596.06,340.80,292.12,475.71,821.95,480.26,448.36,575.48,
due buchi
296.60,182.11,174.15,346.66,166.18,234.49,231.97,588.21,402.58,179.46,101.68,348.39,587.85,346.89,289.97,178.05,339.68,208.30,178.86,231.33,308.27,199.96,171.16,224.10,101.84,363.82,341.07,586.40,339.62,177.97,163.20,427.49,585.32,348.38,305.31,184.07,344.60,209.07,200.85,371.60,
297.09,182.73,174.30,344.85,166.57,233.82,232.23,595.69,403.30,179.84,101.66,351.65,584.75,347.09,289.61,177.87,341.30,208.56,179.19,232.27,308.89,200.27,170.12,224.41,101.91,365.18,343.40,587.12,339.62,177.71,163.41,426.08,583.62,350.08,305.31,184.34,344.60,208.81,201.41,370.84,
296.77,181.64,174.19,349.15,166.52,233.29,230.47,592.22,401.31,178.94,101.75,348.97,577.77,346.15,289.97,178.12,339.68,208.91,179.30,231.83,308.99,200.27,170.35,224.90,101.74,364.89,342.70,589.17,337.76,177.63,163.20,425.80,583.17,351.05,306.04,184.07,345.80,209.07,200.76,368.57,
297.35,181.59,173.73,345.75,166.18,232.11,230.89,589.60,402.05,179.91,101.75,348.21,582.78,346.15,288.80,177.68,338.28,208.65,179.12,233.15,309.52,200.27,170.35,224.50,101.93,364.89,341.76,587.12,339.36,177.45,163.78,423.55,590.65,349.12,306.04,183.59,345.55,209.16,200.94,370.08,
298.60,182.37,173.87,348.09,166.74,234.06,231.47,592.76,400.21,181.40,101.89,346.69,585.05,346.34,288.65,178.31,338.28,209.52,180.01,231.65,307.56,199.96,170.53,223.80,101.95,364.39,343.40,596.90,338.69,177.81,163.57,428.64,583.17,351.81,305.47,183.86,344.60,209.07,200.43,372.36,
buco sopra
333.02,619.01,414.95,286.89,140.84,566.98,628.51,615.76,347.62,149.99,323.24,746.25,796.73,405.81,338.66,568.24,1432.44,764.08,678.69,611.42,527.71,518.65,436.51,685.83,330.31,306.01,277.73,617.91,753.23,517.99,139.82,350.29,820.98,1232.79,531.54,150.48,391.58,720.25,484.59,309.80,
336.06,619.24,417.38,288.16,141.54,562.49,637.89,621.80,348.09,150.48,322.44,742.41,810.38,402.27,339.02,561.77,1376.81,760.31,672.86,605.55,527.71,514.90,439.49,688.20,330.52,306.23,277.73,618.83,753.23,514.31,139.43,350.29,826.96,1243.26,537.30,150.48,391.58,727.32,483.99,312.18,
333.85,619.15,416.24,285.85,140.93,564.26,632.21,621.63,349.65,151.16,323.91,750.27,805.74,406.86,337.41,566.23,1390.11,760.31,675.77,616.70,525.61,518.65,438.00,678.69,328.79,304.71,278.53,613.55,753.23,517.99,139.58,347.09,827.64,1254.59,537.30,150.43,388.93,718.75,480.77,312.74,
334.71,613.65,417.21,288.57,141.58,563.72,640.61,616.02,349.92,150.21,325.53,750.10,805.79,407.08,337.24,572.80,1418.19,760.31,682.81,611.42,529.52,509.57,438.00,688.85,330.31,306.01,277.28,612.65,757.92,520.99,139.62,349.54,831.41,1240.97,537.78,150.48,387.36,715.84,483.99,311.14,
334.77,616.02,417.69,287.10,140.72,561.64,634.52,618.58,349.15,149.67,323.91,746.25,815.00,405.81,338.84,575.86,1403.53,776.93,685.22,612.96,527.40,509.57,440.70,692.50,329.65,306.23,277.73,612.65,757.92,522.49,139.86,349.33,821.81,1208.55,537.30,150.75,388.58,721.67,486.52,311.14,

40kHz
501.92,1130.52,867.07,663.86,363.24,459.25,531.69,603.69,540.47,357.03,281.56,596.50,824.91,840.32,534.61,474.49,1163.14,1491.55,1270.88,496.16,418.13,829.52,895.53,559.31,283.28,421.40,679.78,613.82,569.83,452.50,366.38,562.73,844.22,1030.24,408.45,368.50,851.83,1429.10,810.20,411.68,
496.50,1145.14,855.75,660.34,364.15,456.48,525.38,603.69,534.30,360.78,281.56,591.32,830.07,845.53,534.61,473.68,1152.17,1506.64,1282.21,492.12,420.43,834.77,895.53,571.23,283.12,422.48,675.93,614.67,577.39,454.28,365.31,564.85,833.90,1070.28,407.38,367.67,853.36,1429.10,819.84,412.13,
499.39,1108.71,867.07,657.27,366.10,460.64,525.74,608.69,531.69,357.03,281.04,596.50,825.03,850.76,532.67,475.94,1124.71,1506.64,1295.97,497.21,419.01,829.52,895.61,566.50,280.81,419.48,673.13,610.66,574.56,453.09,366.38,563.12,828.54,1054.50,409.52,366.23,845.79,1399.79,799.29,410.23,
499.62,1133.73,850.76,660.56,364.91,460.32,527.21,609.08,532.38,359.14,281.68,596.70,820.01,856.16,534.61,479.27,1143.61,1474.14,1259.62,494.14,420.70,824.67,895.53,561.85,284.29,418.83,675.93,613.82,571.74,453.68,367.46,563.12,823.82,1030.24,407.38,368.50,842.90,1429.10,803.14,412.57,
507.05,1115.61,861.53,660.56,365.06,460.64,527.21,606.55,536.23,357.83,281.15,594.01,825.03,856.03,530.46,477.80,1124.10,1474.14,1284.04,492.12,419.28,845.13,901.36,571.23,283.28,423.99,675.93,617.00,573.44,453.09,368.17,563.12,838.73,1038.42,409.52,366.54,841.41,1445.27,804.71,409.25,

562.22,422.11,388.04,811.89,419.65,203.24,198.36,600.45,718.02,467.63,86.56,296.61,573.25,768.51,597.61,152.98,319.78,487.13,426.31,206.09,289.54,459.39,408.00,198.94,86.51,573.66,835.18,601.63,292.38,153.06,454.17,759.08,576.99,330.28,284.41,465.02,796.84,468.09,435.35,557.92,
555.08,426.14,389.22,820.70,419.65,204.11,197.47,595.22,725.65,471.22,86.50,296.04,564.04,777.28,600.45,153.18,321.93,489.09,429.35,206.34,288.80,458.86,404.44,199.84,86.36,573.66,825.12,604.64,294.35,153.11,455.99,755.54,573.87,332.79,286.41,466.38,802.17,470.75,430.38,555.27,
550.78,427.40,387.01,820.70,418.53,203.94,198.36,592.43,722.11,470.84,86.55,296.46,568.75,773.03,597.61,153.81,319.78,490.61,427.82,206.34,288.80,454.38,409.14,199.84,86.53,572.97,830.66,607.69,293.10,153.60,454.56,759.56,576.53,331.88,286.41,465.92,796.84,468.09,436.96,560.59,
552.73,425.99,388.04,816.29,422.37,204.11,197.64,594.79,725.65,469.03,86.44,297.18,568.47,781.54,600.01,153.57,321.93,489.09,428.96,206.60,288.80,462.17,404.29,199.59,86.50,570.94,835.18,604.64,294.68,153.86,457.42,768.12,576.99,330.98,286.26,464.11,795.43,466.77,434.22,555.27,
557.45,427.55,389.07,811.89,421.01,204.89,198.68,594.79,734.04,467.63,86.42,296.04,578.40,777.58,600.01,153.86,320.63,489.09,430.88,206.96,289.93,457.42,405.41,200.17,86.56,575.72,830.66,607.69,294.68,153.31,454.38,760.22,576.99,329.39,285.74,467.73,798.16,468.88,433.09,558.89,

286.70,176.91,167.03,333.51,158.16,226.38,221.46,570.36,389.11,171.95,97.57,332.63,562.05,336.44,279.48,172.20,331.88,202.64,174.29,224.53,299.11,191.94,164.13,216.39,97.50,350.26,329.63,575.00,328.20,172.11,157.26,411.18,567.40,343.51,298.16,176.56,330.11,202.55,193.11,356.70,
286.06,176.71,167.44,332.76,158.57,226.38,222.58,565.63,389.86,172.32,97.65,337.55,562.05,335.71,279.13,172.69,329.39,202.30,174.62,225.57,300.43,191.53,164.70,215.92,97.62,347.74,328.96,575.72,325.36,171.78,157.01,411.71,564.40,343.73,297.75,176.56,331.02,202.89,193.34,357.07,
287.34,177.12,167.21,333.51,158.57,225.96,222.67,560.98,390.33,171.95,97.59,334.25,557.45,334.80,280.12,172.01,330.98,202.64,174.62,224.71,299.81,192.55,164.97,216.01,97.64,349.23,330.29,573.66,324.85,172.11,157.58,412.83,566.97,342.98,299.05,176.49,331.02,202.70,193.25,357.80,
286.13,177.37,167.85,335.15,158.61,226.06,222.58,568.16,389.11,172.32,97.63,336.80,557.45,333.89,278.49,172.51,330.98,202.70,174.43,224.40,300.43,192.79,164.75,216.30,97.70,348.49,329.20,572.97,326.65,171.86,157.94,410.35,567.40,342.76,299.63,176.68,329.43,202.80,193.65,356.70,
288.55,177.58,167.62,334.26,158.77,227.13,224.12,565.26,389.86,171.64,97.79,334.98,559.64,335.71,279.48,172.20,331.18,201.96,174.43,224.71,298.50,192.55,165.41,217.46,97.90,348.49,329.63,573.66,326.65,172.36,157.37,412.56,569.56,343.94,298.32,177.01,332.38,203.15,193.56,356.70,

322.95,588.65,409.67,277.42,135.64,532.38,631.20,583.61,338.47,143.46,317.62,731.51,800.72,394.43,328.71,530.88,1403.35,737.72,650.09,597.78,518.08,491.06,429.81,679.00,324.98,297.22,269.29,616.12,738.43,492.30,134.70,340.91,799.40,1225.17,518.39,144.57,378.62,694.03,460.79,297.62,
322.23,591.52,407.11,275.59,135.61,532.05,641.11,578.11,338.64,143.16,318.55,731.22,786.77,395.48,327.85,535.46,1403.35,718.02,652.55,597.78,518.37,496.58,429.81,677.92,324.98,296.15,269.29,608.40,739.91,500.10,134.78,339.97,793.80,1215.27,516.22,144.62,380.37,696.42,470.75,295.82,
326.04,588.39,410.96,275.69,136.18,532.38,649.68,585.99,339.40,143.11,318.42,727.72,795.97,395.48,328.71,530.88,1388.82,721.50,645.88,603.04,522.34,492.66,428.61,677.92,323.45,295.74,269.01,611.52,744.62,498.66,134.51,341.47,803.14,1204.29,519.66,144.10,377.42,694.03,467.01,294.85,
322.23,583.35,409.67,276.29,135.79,534.30,637.54,581.23,337.72,143.46,318.30,735.32,790.99,395.28,329.08,536.42,1403.35,736.33,645.88,597.78,519.90,498.22,424.48,668.26,325.19,295.95,269.45,614.67,743.15,500.10,134.93,339.97,807.51,1225.17,519.66,144.49,382.48,702.33,468.31,296.86,
322.15,590.79,413.35,278.03,136.15,536.56,634.36,593.51,339.40,143.58,318.30,735.58,795.97,394.24,329.25,543.53,1416.82,736.33,654.29,600.07,516.54,498.55,427.13,677.92,324.32,295.21,270.34,608.40,744.62,500.10,134.74,339.78,812.70,1223.99,522.34,144.92,375.36,694.03,470.90,296.86,

40kHz
489.87,1120.85,868.85,646.47,365.06,453.51,559.61,642.50,539.82,368.48,299.36,621.90,876.95,844.53,557.29,502.09,1407.20,1686.23,1559.87,514.93,436.45,899.12,1027.37,591.77,295.43,425.82,681.32,632.33,598.83,474.52,364.99,572.07,841.39,1013.62,424.95,356.43,794.14,1583.39,777.36,402.09,
520.04,1209.55,869.53,674.19,363.21,453.98,551.27,610.70,560.30,369.29,298.06,594.86,869.82,902.91,579.92,485.29,1249.19,1820.96,1528.12,507.07,442.44,875.77,1022.20,599.98,296.17,421.55,702.60,634.55,588.24,481.56,368.16,575.01,811.80,1018.72,431.80,365.94,799.95,1573.94,755.14,417.33,
514.72,1150.68,834.83,689.94,363.59,467.27,531.46,625.01,535.64,357.51,299.78,616.60,898.17,914.09,569.39,513.94,1415.18,1626.95,1394.59,521.51,453.11,926.90,1053.94,628.38,296.13,418.73,680.08,656.76,582.30,455.69,379.37,589.69,825.25,1100.58,429.41,355.91,776.54,1443.72,764.99,405.62,
499.06,1159.09,807.52,683.00,369.26,463.01,555.07,608.37,564.19,356.77,294.46,612.73,895.29,906.71,548.57,511.22,1321.42,1974.56,1550.01,509.12,435.39,855.80,1069.62,589.69,297.66,418.43,729.37,656.76,578.04,474.52,367.35,587.74,806.05,1048.36,424.13,371.12,815.93,1480.04,824.69,399.97,
516.69,1184.74,823.05,676.62,364.31,463.73,528.05,643.75,558.12,370.20,299.91,613.21,930.18,882.34,559.03,508.46,1287.50,1937.39,1584.04,498.59,447.90,895.33,1017.86,582.11,296.31,424.76,739.18,620.79,614.95,476.54,377.80,590.79,785.54,1124.72,423.43,354.74,789.19,1516.00,835.18,414.66,

545.47,416.42,403.51,835.88,434.46,200.43,202.84,621.31,800.37,474.20,87.86,293.55,594.92,807.52,609.62,150.26,321.89,477.90,425.17,208.54,302.87,466.56,412.25,200.91,87.98,581.98,895.65,623.91,293.80,150.48,470.74,743.58,606.21,321.30,289.27,474.25,763.16,443.05,436.33,544.59,
581.27,421.82,395.25,824.24,430.54,203.43,201.76,606.30,735.61,456.27,87.88,291.91,584.83,838.54,631.25,151.88,328.56,479.43,423.96,207.00,295.36,477.16,424.91,201.69,87.23,606.67,901.03,630.67,296.25,150.36,477.18,736.92,569.28,320.64,293.55,470.97,815.93,466.28,434.81,544.30,
573.18,424.26,398.77,821.68,434.91,204.26,202.70,635.45,794.75,456.87,88.23,292.21,603.99,816.99,609.36,152.54,331.17,498.95,431.23,208.42,303.72,471.93,420.69,202.89,87.37,596.03,929.08,642.98,304.66,151.04,457.01,750.39,583.49,329.09,294.32,461.07,747.29,463.64,441.35,538.69,
540.20,426.62,403.76,890.86,423.05,203.64,202.10,636.57,751.68,457.64,87.94,293.55,587.60,770.72,613.97,153.10,331.58,482.12,444.35,207.93,296.11,470.68,431.31,201.31,87.86,574.75,950.46,648.25,300.62,151.33,468.74,734.74,615.03,322.63,291.41,470.06,762.58,445.16,425.82,559.18,
574.05,430.90,410.27,888.55,434.19,205.62,199.59,593.86,732.39,454.24,87.45,291.80,616.14,786.30,618.95,152.57,333.94,478.97,443.32,208.30,301.44,451.59,416.72,204.66,87.55,604.72,950.46,627.09,294.27,151.04,469.33,738.76,575.79,320.82,298.12,454.09,806.25,466.56,421.94,537.97,

292.66,176.18,174.11,333.05,159.55,222.17,230.01,570.27,390.53,171.15,99.63,336.46,588.77,331.83,290.49,168.91,330.69,200.98,172.98,222.55,309.17,193.91,172.85,225.35,99.37,354.74,335.19,608.06,332.05,168.50,158.99,423.07,555.55,333.37,310.69,175.12,330.86,194.13,193.57,346.11,
288.02,174.57,171.38,330.50,163.31,221.91,230.25,568.42,396.76,170.22,100.41,345.72,568.43,337.20,289.70,168.30,325.42,198.76,173.85,222.64,318.01,197.60,174.48,228.31,100.11,354.74,332.67,604.85,329.22,169.97,161.05,423.83,590.01,335.58,313.10,175.25,323.69,196.62,193.95,342.50,
289.96,175.72,173.60,347.05,162.59,223.96,224.00,563.57,395.76,169.25,99.53,340.23,598.01,343.50,290.42,172.02,334.27,198.81,172.25,221.91,316.75,196.14,172.56,223.07,99.46,351.23,334.31,609.65,330.82,170.69,159.16,420.46,587.84,328.54,303.35,174.60,324.22,197.96,196.62,350.45,
286.52,174.57,173.42,333.70,160.41,221.46,230.01,566.39,394.44,169.02,100.14,345.24,557.33,340.23,290.82,171.94,329.09,199.98,175.76,227.38,317.61,197.35,170.93,223.38,99.99,366.56,342.15,615.68,337.52,170.44,160.53,423.70,590.01,337.99,302.91,173.10,323.37,193.15,195.41,355.02,
286.82,177.09,173.31,333.05,160.41,223.23,226.98,590.79,392.18,172.60,100.04,335.74,556.51,339.59,293.89,170.82,338.63,197.47,173.44,229.05,310.30,194.04,173.84,228.13,100.05,364.59,343.17,609.11,334.57,168.30,161.34,415.13,591.41,330.13,311.21,175.69,322.85,197.56,196.31,352.28,

319.49,607.84,438.01,280.05,141.19,564.60,673.68,613.80,346.95,142.32,331.39,748.00,826.20,385.56,318.96,551.89,1706.48,813.36,724.58,671.05,557.33,515.62,453.53,731.64,340.43,295.47,282.58,610.15,686.93,508.74,137.73,340.81,798.47,1327.89,522.83,142.48,364.42,718.88,464.47,299.35,
317.42,607.63,436.57,278.71,139.14,550.16,629.55,601.30,350.55,141.99,332.98,742.49,887.90,386.20,317.72,570.32,1528.51,785.75,709.77,638.82,566.83,535.61,456.08,712.73,333.94,300.00,284.03,626.51,704.29,524.57,136.99,339.84,777.13,1266.14,526.97,143.30,364.88,686.57,483.72,291.95,
319.20,602.73,429.56,288.00,139.21,578.94,626.99,605.88,347.05,141.69,325.73,742.15,835.85,390.61,322.43,575.12,1674.83,792.62,715.20,646.39,553.84,521.03,476.96,770.05,343.02,298.07,284.03,623.91,716.00,497.57,135.87,346.18,789.29,1236.20,548.07,143.98,364.88,679.68,464.30,293.46,
309.99,609.50,429.66,280.26,139.16,553.84,632.78,611.83,346.33,140.92,332.34,772.45,813.56,375.73,323.53,579.28,1910.56,778.25,750.11,651.81,558.58,538.82,475.58,751.66,346.98,301.10,278.14,643.43,738.67,518.51,137.14,350.03,740.44,1168.73,537.63,142.63,367.63,692.52,484.56,298.71,
312.72,595.74,420.25,286.09,139.22,554.56,667.26,637.59,339.76,141.55,330.45,730.34,895.29,374.36,327.52,575.08,1764.67,796.81,719.96,668.20,574.88,515.07,479.43,725.96,338.18,295.03,285.10,625.61,764.52,500.92,136.72,345.61,727.83,1325.47,548.04,143.86,361.26,682.67,484.71,293.88,

50kHz
499.06,1199.45,922.17,692.27,378.00,487.99,565.52,645.82,546.35,363.66,300.32,637.00,942.26,861.63,561.05,521.40,1437.76,1948.77,1769.94,542.98,468.89,963.48,1187.82,630.33,302.29,419.63,730.02,644.43,595.28,469.14,388.63,567.33,807.09,1079.85,431.26,353.58,786.00,1388.77,808.63,410.54,
508.37,1214.62,932.30,698.17,377.05,495.93,563.07,645.82,548.13,363.08,299.81,637.00,926.63,860.00,566.23,517.70,1495.22,1999.70,1711.58,534.96,467.07,972.78,1170.04,627.30,303.13,419.79,732.52,635.00,596.63,469.14,386.61,568.27,821.71,1119.98,437.20,351.28,800.66,1371.78,799.44,411.41,
515.21,1246.46,938.65,703.20,374.73,491.26,574.28,649.96,550.40,366.17,301.19,646.42,935.43,861.63,565.24,521.40,1417.39,1916.27,1742.60,536.20,462.94,966.65,1165.20,627.30,303.99,417.44,745.24,640.69,597.11,464.08,387.17,576.99,807.09,1099.73,439.04,354.75,791.97,1411.55,812.01,411.41,
493.84,1170.21,903.72,688.34,374.73,488.95,567.40,643.06,549.27,367.36,303.31,650.63,948.45,873.90,566.23,516.58,1480.21,2038.10,1738.03,541.70,464.72,951.47,1162.55,628.82,303.15,415.73,734.88,642.58,598.50,467.18,389.52,565.24,804.79,1087.87,434.60,354.75,782.99,1371.78,811.11,409.88,
509.18,1215.01,932.30,696.19,379.89,490.28,570.53,648.55,545.23,363.66,300.68,646.42,930.45,875.31,564.00,516.58,1464.96,1955.23,1709.67,544.50,466.80,950.73,1146.18,614.62,304.43,418.91,730.00,644.53,597.11,470.33,387.17,575.96,808.78,1087.87,437.20,352.99,800.66,1388.77,799.44,404.51,

597.21,436.73,412.96,867.45,461.81,209.98,202.79,626.94,802.95,458.41,89.32,304.07,603.35,799.41,633.28,155.40,329.09,484.25,465.51,213.69,296.22,451.35,440.91,206.34,88.52,580.08,932.96,627.25,300.99,154.12,484.10,726.14,583.29,325.87,289.01,460.57,758.41,448.98,421.53,545.36,
574.39,429.93,409.61,842.04,459.69,211.84,202.58,620.35,796.21,459.32,89.24,304.56,613.17,800.41,634.73,155.74,330.65,485.44,467.60,213.50,295.19,450.11,442.32,206.13,88.45,575.38,941.49,621.86,302.67,154.27,485.64,734.00,586.62,326.43,287.43,459.56,763.79,448.98,422.40,546.88,
578.44,437.96,414.10,864.60,454.89,212.26,202.79,621.74,802.45,465.22,89.21,303.68,603.44,822.07,642.71,155.74,334.71,484.39,466.56,214.11,295.88,450.11,439.72,206.34,88.31,572.30,962.51,630.65,302.27,154.58,491.14,730.08,582.03,327.44,288.22,463.48,750.42,452.74,422.40,546.88,
595.72,441.82,412.41,872.38,455.51,211.64,202.79,632.22,813.53,467.44,89.24,302.42,614.26,825.96,646.77,155.97,332.67,487.51,466.48,214.56,295.54,450.11,439.72,206.15,88.42,573.78,938.11,621.86,303.97,153.83,487.21,726.14,569.87,328.93,286.37,463.55,755.72,451.75,419.90,542.67,
577.50,441.82,411.82,882.39,456.33,211.84,202.99,626.94,800.74,462.26,89.17,302.80,609.49,815.37,649.78,156.65,332.67,490.99,466.48,214.99,295.88,450.60,437.15,206.53,88.35,583.20,943.17,621.86,302.27,154.03,489.57,736.94,580.76,326.32,287.86,461.46,763.79,451.63,423.27,545.36,

294.97,182.43,173.33,340.14,165.27,235.77,228.40,595.05,418.17,175.35,99.50,343.66,624.55,349.09,294.28,176.65,361.08,210.41,183.24,234.67,320.22,196.32,171.68,226.15,99.07,366.77,340.64,596.20,337.35,173.01,162.04,431.11,576.88,351.03,309.94,177.38,334.32,207.35,193.47,350.24,
294.41,182.56,173.79,337.48,165.20,235.28,227.68,603.44,415.80,175.49,99.13,344.32,620.71,349.09,295.10,176.80,360.27,210.00,182.62,234.21,318.47,196.66,171.14,225.19,99.12,368.67,340.64,597.85,337.27,172.31,162.43,435.46,586.05,355.66,309.60,177.38,333.80,207.54,193.13,348.50,
293.53,182.48,172.97,338.19,166.06,235.00,226.70,598.54,411.54,174.21,99.50,341.75,608.27,348.43,295.54,176.94,362.89,210.41,182.77,235.22,319.84,197.05,171.55,224.96,98.93,369.93,342.80,601.20,337.35,173.43,162.67,432.91,583.36,353.92,310.44,177.23,332.76,208.15,194.35,349.15,
291.85,182.06,172.52,336.37,165.16,234.76,227.19,595.05,410.56,174.49,99.55,344.80,619.33,352.61,294.34,177.09,361.64,210.61,183.08,235.73,317.86,196.13,171.83,225.42,99.16,368.67,340.64,596.14,336.79,173.70,161.93,432.19,582.00,353.27,311.27,177.82,332.24,207.35,194.72,350.45,
292.98,182.16,173.26,336.66,164.83,235.80,227.41,592.80,413.18,175.06,99.55,343.18,621.95,350.25,295.10,178.26,360.27,210.21,182.46,235.45,318.47,196.86,171.28,226.38,98.98,370.51,338.46,596.20,335.75,173.01,162.43,435.83,589.98,353.38,309.11,177.53,334.30,208.15,193.47,348.06,

325.67,614.86,407.34,274.64,140.88,589.14,658.16,632.22,357.22,148.32,345.06,803.66,948.45,416.18,341.40,631.13,1902.67,849.83,736.65,647.47,596.17,504.14,453.40,732.14,346.72,294.70,273.65,623.76,768.70,548.71,137.30,356.06,845.96,1269.91,535.91,148.01,385.28,729.32,455.54,290.81,
328.47,623.48,410.14,274.64,140.84,589.14,644.43,620.50,358.96,148.22,345.98,795.77,972.93,412.86,343.51,632.68,1882.43,849.83,756.54,653.27,587.38,513.70,451.63,736.18,348.42,292.63,273.33,618.49,775.19,549.77,137.57,359.03,852.91,1243.32,544.24,147.50,383.95,736.94,457.46,291.34,
327.78,619.53,411.82,273.90,140.82,591.59,651.26,625.81,355.99,148.43,345.98,810.30,949.24,413.18,341.90,628.82,1832.04,859.59,734.77,655.58,593.40,515.15,455.36,730.93,349.56,295.87,274.71,627.36,777.27,552.47,137.48,357.80,841.85,1274.95,541.08,148.11,384.62,726.62,458.15,290.05,
331.36,629.78,413.51,275.37,141.26,595.05,654.16,628.27,356.48,148.22,347.84,803.66,972.93,416.18,344.64,631.13,1882.43,849.83,760.05,649.20,593.40,515.15,459.13,729.51,349.56,294.70,274.71,630.99,775.19,555.19,137.39,353.65,867.13,1284.50,541.44,147.80,383.92,719.75,459.39,290.14,
327.44,621.01,410.67,275.48,141.09,586.97,644.20,626.70,357.95,148.53,345.52,802.28,984.53,417.86,343.51,638.13,1839.77,849.83,734.77,655.01,596.84,515.15,456.25,734.17,350.69,293.90,275.34,621.86,773.95,549.77,137.39,355.53,820.39,1274.95,539.88,148.01,385.28,724.51,461.33,291.77,

60kHz
500.09,1154.55,861.17,643.93,358.33,464.03,527.96,604.89,540.73,346.08,284.54,622.67,906.98,888.91,551.82,497.81,1369.85,1991.23,1574.21,501.54,444.34,904.87,1085.26,598.21,287.16,384.29,696.35,613.57,577.80,448.27,359.33,542.18,795.06,1035.19,409.32,341.79,797.87,1367.58,734.28,374.24,
508.45,1188.08,870.83,644.68,358.13,460.51,531.10,597.00,540.43,350.63,287.26,627.10,914.94,897.26,548.19,504.34,1349.25,1966.80,1574.21,504.34,442.16,906.37,1072.20,594.24,288.46,386.34,692.17,609.46,565.18,444.87,363.52,535.66,787.78,1011.87,410.47,342.37,786.21,1319.88,722.68,373.66,
488.82,1129.30,849.64,645.14,358.03,457.06,526.59,597.44,542.50,346.62,288.98,618.27,895.81,880.14,544.85,505.28,1391.24,1991.23,1626.65,503.34,434.56,897.26,1071.65,590.32,286.06,386.79,686.94,612.69,576.74,447.60,362.41,541.77,793.55,1011.68,406.25,342.37,782.65,1339.30,731.08,373.66,
513.30,1195.87,901.94,658.75,361.13,462.95,530.81,604.89,537.77,345.30,288.18,614.13,904.87,878.94,548.19,504.82,1349.25,1940.47,1639.00,497.81,440.64,896.58,1098.05,595.03,286.26,385.62,685.86,604.56,570.68,450.55,359.33,538.28,801.44,1023.50,406.75,338.83,782.65,1315.70,731.40,374.52,
502.31,1157.97,851.51,644.87,360.80,459.61,531.10,605.44,541.29,349.81,287.64,622.59,896.58,877.40,548.65,498.77,1369.85,1907.25,1651.07,512.41,433.96,894.00,1070.11,596.80,288.46,386.34,683.59,622.85,579.85,444.87,363.70,542.18,794.59,1023.50,406.50,340.23,799.92,1325.43,719.93,374.94,

560.07,421.24,391.83,837.09,442.77,206.09,190.91,584.33,744.55,436.94,83.86,284.34,588.69,809.02,616.61,148.16,312.89,455.35,450.90,204.89,273.50,416.17,404.77,194.12,82.88,533.54,890.64,603.00,280.71,145.25,455.66,718.13,551.58,308.04,264.09,436.47,715.06,430.40,387.25,501.73,
563.33,423.11,386.56,827.88,445.05,205.74,191.72,587.89,760.42,434.52,83.72,286.59,587.89,787.78,599.38,148.04,314.86,451.33,447.35,205.34,272.78,410.21,406.61,193.06,83.08,534.38,909.91,591.92,281.13,145.48,455.50,712.31,554.74,310.74,262.55,441.16,713.89,428.42,388.90,499.04,
556.55,423.24,388.33,842.62,440.50,205.74,191.17,587.22,746.64,431.56,83.87,286.29,592.36,787.93,602.66,148.27,313.36,453.58,442.99,204.43,273.61,410.72,409.95,193.06,82.95,533.54,916.49,599.02,279.64,145.78,457.66,712.31,544.85,306.34,263.59,433.92,717.01,428.42,388.51,508.86,
556.47,425.49,390.27,831.81,440.84,206.21,190.78,586.46,746.19,436.18,83.86,283.45,600.04,794.81,603.06,147.99,316.64,450.85,448.24,205.81,274.23,408.35,411.84,192.97,83.07,528.25,891.84,599.02,280.92,145.71,453.01,712.31,547.35,310.74,262.69,434.39,732.34,422.50,392.23,508.04,
560.06,415.24,386.73,825.21,442.49,205.91,191.50,580.25,734.73,433.63,83.89,286.44,585.05,780.07,610.88,147.75,318.18,451.33,447.26,206.39,276.03,414.26,411.63,193.47,82.97,528.25,896.81,599.77,281.78,145.52,458.00,706.73,544.59,308.04,263.95,439.04,731.08,431.96,393.52,499.04,

281.34,173.13,163.51,315.76,157.62,224.12,216.01,550.40,397.03,164.26,94.21,317.06,605.56,326.70,274.03,163.35,337.70,196.83,170.46,220.90,302.13,184.73,160.84,212.08,93.59,344.06,311.95,561.93,311.14,161.55,153.45,408.85,553.80,328.79,289.93,167.83,310.75,195.30,182.85,326.56,
279.24,172.65,163.51,317.58,157.49,224.33,215.36,550.40,400.82,164.17,94.21,315.95,597.53,325.33,273.87,164.23,338.53,195.99,170.46,222.25,300.32,184.80,161.29,213.75,93.47,340.58,314.06,555.07,313.28,161.39,153.66,406.50,563.90,332.87,291.20,167.21,312.88,195.09,183.40,323.94,
282.63,172.65,164.32,316.35,157.03,224.23,214.16,541.02,397.27,163.58,94.00,316.26,614.01,328.27,274.03,164.30,339.18,196.41,169.98,220.90,300.11,185.41,161.41,212.47,93.54,340.91,317.06,552.85,309.84,161.39,153.97,411.19,557.91,330.95,290.27,166.16,310.14,194.16,183.40,324.62,
275.12,172.37,163.77,315.45,157.09,223.33,215.54,547.65,395.76,164.17,94.09,318.34,601.47,327.69,271.72,165.19,341.96,196.73,170.54,222.93,302.24,185.33,161.29,212.57,93.90,341.51,314.08,565.41,313.01,161.83,153.61,405.16,561.09,328.26,291.69,166.77,309.69,194.68,182.22,326.21,
276.37,172.09,163.47,314.34,157.30,223.33,214.10,544.85,396.22,163.74,93.99,316.10,605.56,326.70,271.57,163.94,338.53,197.26,170.69,221.44,302.35,185.56,161.13,213.96,93.45,341.51,313.54,561.93,309.84,162.16,154.07,411.19,551.03,330.21,293.42,167.38,312.27,193.96,182.85,326.56,

303.15,588.18,408.47,269.24,133.41,572.81,631.17,581.83,337.06,136.31,317.10,746.19,868.88,376.83,308.80,564.73,1763.81,797.61,715.83,645.06,589.89,504.34,454.80,710.14,321.56,281.10,264.72,589.31,701.62,493.14,129.95,334.75,765.38,1202.95,528.67,136.13,349.33,653.28,449.40,279.08,
311.61,612.38,412.05,268.88,133.58,569.67,626.87,581.58,335.64,136.11,318.09,733.93,878.94,375.03,310.76,565.73,1813.96,833.85,716.66,642.50,590.32,501.73,455.56,732.93,319.71,282.42,264.72,596.05,698.51,495.77,130.18,337.06,765.86,1235.74,531.37,136.58,346.68,660.78,449.40,278.35,
304.89,577.65,406.52,268.17,133.78,565.55,635.93,581.83,333.62,135.86,316.97,738.40,868.88,371.93,308.29,576.10,1811.33,812.07,704.07,638.62,597.29,505.63,457.10,721.11,323.36,283.05,264.13,591.24,714.58,491.45,130.25,338.90,759.34,1219.87,528.25,136.28,345.67,658.84,449.40,279.31,
302.12,585.24,408.45,268.26,134.04,572.81,618.35,585.54,338.65,135.86,318.09,739.52,894.00,373.91,310.93,572.44,1768.32,827.88,704.53,643.19,586.85,498.30,455.93,721.11,321.56,281.78,262.81,597.00,700.08,503.75,130.37,333.87,766.65,1218.84,528.25,136.53,348.00,648.74,452.17,277.76,
304.32,589.11,408.45,268.43,133.75,566.27,627.10,581.58,335.64,136.26,320.63,739.52,878.94,373.70,308.63,572.44,1840.89,828.64,726.42,634.75,593.80,500.05,457.88,740.01,321.56,283.28,264.91,583.73,702.14,501.06,130.44,334.93,773.62,1252.25,531.37,136.43,351.68,657.49,449.40,277.40,

70kHz
503.98,1143.59,917.72,679.80,371.83,477.56,555.02,630.84,556.22,339.28,284.90,637.43,945.39,926.74,553.33,493.26,1694.19,2554.34,2480.17,545.71,471.96,1123.27,1379.04,658.73,297.17,388.78,758.09,656.40,597.30,453.82,373.81,558.49,812.56,1060.16,428.95,334.47,791.34,1312.80,764.90,377.42,
515.55,1170.09,939.61,671.80,370.29,477.85,557.34,640.72,550.44,339.28,286.64,631.88,932.45,939.02,568.00,493.08,1645.76,2453.97,2367.14,556.04,471.61,1102.87,1338.23,653.40,299.21,385.45,751.61,661.33,600.49,451.91,375.39,555.63,811.01,1033.12,424.82,335.75,791.98,1332.84,764.93,379.00,
503.98,1177.51,944.79,676.73,371.27,478.13,552.77,629.98,549.91,343.36,287.57,632.97,935.98,945.83,565.98,492.89,1663.32,2769.34,2285.83,549.27,471.79,1134.71,1342.74,658.73,297.19,388.49,758.23,656.47,605.75,454.03,373.59,552.77,821.51,1054.35,427.08,338.34,799.57,1312.36,764.90,375.76,
522.16,1228.78,912.67,676.25,372.10,474.70,548.21,624.71,552.20,342.03,287.97,623.19,939.44,948.74,556.79,496.03,1716.62,2453.97,2398.61,545.87,472.26,1109.16,1328.42,668.22,299.21,390.50,757.64,646.82,600.49,458.53,374.03,557.19,802.19,1045.08,427.08,334.47,777.71,1312.80,758.23,375.76,
542.68,1291.82,952.96,689.33,373.92,482.77,549.37,627.23,550.44,342.03,285.61,631.88,916.28,945.83,569.10,501.29,1783.04,2554.34,2398.61,546.00,471.96,1121.90,1416.62,663.68,298.19,390.41,771.17,656.45,608.77,454.23,371.11,562.63,836.84,1089.01,426.87,334.48,777.98,1293.08,764.93,377.19,

603.41,428.73,401.10,856.60,470.39,203.96,191.53,608.00,755.73,431.19,84.66,288.54,610.83,830.62,642.39,146.12,314.04,451.06,478.02,205.42,273.53,427.46,431.36,196.74,84.07,529.84,987.40,623.32,285.57,144.76,468.11,728.02,568.00,303.86,265.98,431.08,713.67,424.96,389.20,510.40,
597.52,430.88,397.99,859.74,462.03,203.92,191.10,609.23,782.28,435.35,84.58,287.45,609.36,822.99,633.71,146.12,316.33,455.78,470.35,206.85,274.30,427.46,433.16,196.74,84.31,532.98,988.15,614.20,286.48,144.55,476.03,739.98,563.84,304.97,268.61,429.03,719.50,427.01,392.61,504.88,
590.66,427.19,397.65,870.79,463.70,204.35,192.37,617.08,774.36,435.40,84.58,288.54,614.30,838.39,647.08,146.37,315.17,460.56,467.75,206.38,274.38,425.58,434.03,196.29,84.39,532.89,988.33,628.08,283.73,144.31,476.47,735.26,564.40,304.91,266.98,429.06,726.11,424.96,392.68,507.63,
591.67,428.82,405.19,857.98,461.86,203.45,191.50,607.35,767.70,433.21,84.50,286.52,601.16,836.84,632.09,145.64,316.33,458.16,475.49,206.40,275.24,425.40,433.16,197.19,84.23,526.60,999.37,623.49,281.89,144.53,468.11,739.98,567.42,306.03,266.03,428.93,731.44,418.87,392.71,513.55,
646.22,435.36,403.37,857.98,464.97,204.40,191.53,607.35,768.78,431.08,84.50,284.75,610.10,849.30,641.82,146.12,317.47,458.16,470.25,207.34,275.32,425.74,435.59,197.64,84.39,529.58,999.63,627.76,283.73,144.55,468.54,729.30,568.00,304.91,266.08,431.03,725.42,427.01,389.20,513.72,

279.54,171.36,162.53,312.54,154.82,224.02,213.70,571.06,408.91,164.42,93.86,318.24,627.23,331.19,273.00,164.69,350.13,199.93,172.10,226.59,305.30,190.69,161.97,218.82,93.85,343.45,319.86,586.45,319.71,162.68,152.03,415.47,584.05,334.00,297.58,165.96,316.26,196.35,184.79,329.01,
271.07,170.27,162.06,311.78,154.89,224.05,213.70,566.20,415.05,164.12,93.86,318.57,629.09,331.19,273.03,165.01,350.00,200.84,172.43,224.30,307.42,189.87,161.67,217.72,93.75,342.19,318.70,574.84,318.62,162.67,151.74,414.01,580.24,331.35,297.64,165.64,315.09,196.79,184.40,327.91,
273.14,170.64,161.80,316.04,154.59,224.02,214.80,562.63,412.72,164.11,93.86,318.35,635.08,331.19,272.97,164.70,351.46,200.38,171.76,225.43,304.25,191.12,161.67,219.35,93.75,342.12,318.70,578.73,316.40,162.67,152.03,411.37,584.05,332.67,295.58,165.63,313.88,196.34,184.02,325.30,
272.03,170.57,161.47,313.81,155.11,225.23,213.73,565.56,409.28,163.20,94.06,317.21,630.64,331.42,273.00,165.63,351.46,201.30,171.76,225.99,305.17,191.94,162.27,217.17,93.65,343.49,318.65,571.17,317.44,161.79,152.00,409.47,577.01,330.11,297.76,165.96,314.04,195.92,184.01,328.88,
272.30,171.00,161.77,312.88,154.84,223.49,213.12,566.82,406.62,163.81,93.86,318.57,628.18,328.55,272.97,164.70,351.39,200.38,173.11,225.41,304.25,191.13,161.38,217.18,93.65,340.87,319.83,578.62,315.22,161.77,152.28,410.18,577.01,334.00,296.64,165.64,315.13,196.35,183.63,328.95,

318.48,609.83,404.28,260.59,132.16,571.65,629.09,615.28,343.45,138.75,323.97,796.91,947.42,389.72,316.83,575.55,2340.19,902.10,810.32,679.88,620.38,539.31,452.84,825.45,340.96,286.35,260.77,641.82,754.31,532.82,128.33,344.92,802.19,1225.08,524.91,139.19,357.58,671.02,448.81,278.86,
321.12,620.88,403.69,261.46,131.60,571.06,644.45,598.86,343.32,138.53,322.46,801.66,938.05,391.00,316.75,583.54,2458.76,890.97,795.73,685.55,619.40,539.59,457.77,811.70,343.62,286.39,263.14,637.03,768.08,529.64,128.73,342.47,822.99,1270.63,524.35,138.97,357.58,680.92,448.81,277.15,
301.78,584.40,402.89,260.24,131.78,571.65,630.84,611.93,346.01,138.96,323.97,801.66,948.91,387.57,316.75,587.42,2521.60,911.40,787.12,690.52,624.76,542.64,464.91,810.32,342.28,284.59,263.90,627.76,754.31,528.87,128.15,344.79,824.40,1249.43,524.04,138.96,359.04,675.95,446.53,279.64,
310.01,591.73,404.70,260.70,131.60,572.22,632.60,606.96,342.00,138.53,323.80,799.31,956.96,393.33,315.61,579.32,2398.61,910.37,779.36,690.52,628.18,546.12,457.77,818.56,344.97,285.46,262.29,628.32,767.40,521.54,127.79,347.75,825.74,1215.57,521.54,138.97,360.49,671.02,446.48,278.81,
312.18,595.56,402.48,259.18,131.42,571.06,634.44,611.93,341.86,138.97,322.95,783.52,966.67,385.87,318.05,587.01,2398.61,908.04,810.32,690.52,620.38,546.12,465.02,794.18,342.28,286.39,263.93,623.63,754.31,529.26,128.16,343.81,824.40,1249.43,524.04,138.74,357.58,665.73,451.11,279.69,

80kHz
515.11,1339.60,933.19,640.27,345.10,458.21,562.07,616.83,566.72,319.25,275.58,680.59,1051.38,1050.70,560.74,482.41,2270.82,3526.99,4993.07,549.32,469.27,1228.13,1669.35,669.90,291.87,369.35,720.63,650.73,614.12,439.52,335.85,553.01,863.42,1171.38,406.63,310.54,796.71,1471.85,787.65,350.73,
523.46,1292.24,926.73,662.84,341.14,460.84,554.35,612.35,560.51,319.30,273.43,691.70,1073.64,1036.39,563.27,492.07,2393.65,3590.48,4224.91,551.10,472.81,1209.97,1714.28,679.65,289.94,369.09,744.67,661.68,604.98,447.91,338.72,558.10,822.56,1187.84,407.91,311.20,796.54,1538.48,760.71,351.80,
476.90,1353.57,942.42,664.05,339.97,451.41,550.64,609.74,575.24,317.08,276.75,665.44,1040.47,1085.42,558.24,487.29,2275.69,4212.46,3732.77,549.32,473.59,1215.74,1666.27,676.35,290.79,375.65,715.50,662.53,614.12,442.44,336.84,562.88,867.34,1161.90,400.01,308.14,806.44,1538.48,749.92,350.45,
510.73,1275.92,956.39,657.59,338.61,460.77,558.10,601.76,567.27,312.45,276.17,667.52,1078.70,1029.18,549.50,495.99,2230.21,4065.64,4212.46,543.65,464.99,1203.13,1637.88,695.49,291.21,371.10,750.59,639.32,606.16,444.53,340.12,568.19,850.89,1194.98,407.34,305.11,803.33,1449.13,778.10,346.12,
552.54,1407.84,911.54,667.89,336.68,460.77,563.27,609.74,567.14,318.65,271.87,680.98,988.22,1063.13,548.25,501.17,2219.26,3653.48,4000.41,530.23,464.99,1203.99,1652.26,678.02,289.52,375.41,730.70,667.30,599.54,442.01,341.53,554.35,837.87,1274.89,396.17,312.42,808.23,1444.86,759.58,357.37,

542.70,394.51,371.78,840.27,415.08,183.70,176.03,583.16,857.14,403.67,76.21,270.13,639.49,941.94,611.99,133.59,315.75,454.67,446.48,188.53,268.44,427.16,400.04,181.14,75.89,502.03,1005.70,606.44,268.33,132.19,418.18,799.36,580.95,298.39,253.34,400.82,739.62,406.62,374.32,474.29,
650.34,406.26,361.53,888.07,409.47,185.20,174.78,586.14,818.94,416.83,75.89,273.04,654.95,921.30,618.00,132.91,309.99,447.52,440.07,188.75,263.54,424.95,400.65,179.72,75.99,507.49,1029.81,600.75,266.63,132.01,419.49,777.32,581.65,292.08,256.30,404.33,737.48,411.56,376.84,479.64,
642.28,405.17,356.31,905.76,410.51,186.17,176.91,584.16,833.14,403.84,76.00,271.09,644.38,904.16,621.39,133.48,313.93,450.06,450.06,188.30,266.06,425.64,399.27,181.14,75.96,511.84,1038.24,605.32,268.69,132.38,416.59,758.09,575.35,298.08,255.17,403.34,747.28,403.22,376.10,478.69,
552.96,401.77,366.90,891.45,405.71,186.60,176.14,581.64,829.66,407.35,75.96,269.85,649.34,921.30,611.99,134.48,312.13,452.08,449.49,189.65,262.96,426.34,394.88,180.22,76.02,512.95,991.83,603.12,266.47,132.42,416.85,738.41,592.47,290.73,257.74,402.33,754.40,414.18,384.14,482.59,
644.38,409.94,357.64,869.24,409.63,185.74,175.26,593.29,810.34,413.19,75.73,268.88,627.96,937.47,615.28,133.13,312.42,446.99,446.95,188.91,264.05,421.24,394.77,181.65,75.83,515.20,984.24,617.84,265.08,132.16,410.88,778.22,583.34,294.81,256.79,404.80,753.55,406.18,375.76,486.03,

267.92,158.57,145.26,293.11,141.00,206.98,194.79,553.01,399.38,150.95,83.36,300.56,640.62,318.57,257.44,152.43,348.39,188.14,158.61,211.29,286.17,175.97,145.97,199.86,83.31,324.04,299.77,569.82,299.22,149.71,138.53,396.79,579.08,321.46,272.77,153.09,299.58,182.08,167.11,308.73,
254.54,156.53,145.51,293.43,141.49,206.23,195.93,543.08,407.27,151.53,83.49,297.34,660.32,314.83,258.27,151.28,344.32,188.75,159.55,210.83,287.52,175.10,145.17,197.28,83.42,321.85,302.27,567.40,303.64,149.66,138.53,398.04,576.07,317.86,279.24,152.58,303.26,182.22,167.11,310.62,
250.12,157.14,145.17,292.09,140.68,206.08,194.64,533.47,401.25,151.82,83.33,297.68,662.91,314.83,261.43,151.93,345.00,188.50,159.89,211.66,285.54,175.19,145.24,197.65,83.45,322.23,300.91,575.47,304.39,149.56,139.24,401.34,566.72,318.57,277.05,153.01,299.58,182.31,168.54,304.78,
263.73,157.85,145.33,294.73,140.84,204.58,195.06,552.54,396.72,151.46,83.20,303.99,638.54,318.57,258.26,152.36,347.70,188.05,160.46,211.55,285.80,176.16,146.57,198.29,83.75,318.57,300.17,569.04,305.99,149.51,138.70,392.99,578.53,317.86,277.33,152.87,301.84,180.74,167.40,311.45,
248.96,158.15,145.85,292.68,141.90,208.66,193.72,545.30,392.37,152.89,83.33,304.35,643.28,322.75,254.98,151.71,343.53,189.68,159.89,210.63,286.59,176.16,145.50,199.28,83.59,321.62,302.87,564.98,302.67,150.56,138.33,400.70,575.05,320.38,273.04,153.23,301.28,181.99,167.61,312.05,

306.44,588.42,380.88,241.64,120.35,569.09,649.34,591.54,335.06,126.97,303.72,861.03,1094.98,390.50,311.64,589.03,3330.24,1000.68,869.95,714.68,651.25,526.56,455.51,844.98,325.44,263.65,246.06,607.92,808.93,527.61,117.21,330.97,880.11,1574.40,527.95,126.42,349.57,668.98,435.70,256.22,
312.30,619.41,379.19,243.05,120.35,563.73,647.71,593.28,334.62,127.35,303.98,880.61,1023.00,383.17,315.54,576.49,3859.65,1009.78,867.28,708.47,653.11,536.38,452.97,843.83,331.15,267.53,242.04,620.60,835.16,516.90,117.38,333.17,860.66,1453.18,524.54,126.53,344.62,660.80,432.67,255.94,
295.77,561.13,384.95,238.32,120.46,558.46,669.16,576.00,336.93,127.26,307.96,851.05,1073.64,381.41,308.33,580.55,3682.10,998.45,864.54,696.19,636.33,529.33,452.93,858.08,324.89,263.51,245.94,617.53,800.76,523.63,116.99,331.39,873.18,1515.18,535.44,126.73,345.90,668.16,434.21,257.90,
307.34,584.53,381.72,243.19,119.88,573.59,676.78,592.10,336.00,126.61,307.78,838.36,1105.02,386.14,310.35,587.60,3373.94,1006.63,840.22,702.28,653.25,540.00,456.20,870.93,329.78,265.43,247.85,622.45,808.93,530.77,116.77,327.39,864.11,1504.62,525.53,126.78,351.12,671.10,437.47,257.46,
309.61,596.35,379.19,240.52,119.87,559.95,669.16,589.12,329.69,126.61,305.53,869.73,1023.00,396.12,307.74,596.12,4569.06,974.59,860.66,694.60,634.69,538.25,466.15,876.68,328.14,264.99,246.71,625.55,800.72,527.18,117.60,330.55,860.66,1560.68,530.36,126.83,355.53,666.39,433.77,257.31,

90kHz
495.61,1310.84,1096.86,620.09,324.20,423.82,549.40,583.20,592.33,280.36,241.29,623.10,1131.91,1085.31,550.92,444.74,2809.67,4530.45,4913.97,513.48,427.23,1201.20,2057.17,644.06,254.40,330.48,765.08,625.14,585.42,420.96,315.11,524.67,923.14,1391.52,375.40,279.26,843.47,1544.42,782.22,315.01,
509.94,1338.00,1038.13,637.84,323.24,418.30,555.94,575.90,576.07,280.90,240.52,622.39,1131.91,1129.44,537.50,449.02,2809.67,4802.27,4400.36,509.81,429.73,1228.49,2154.92,649.70,253.61,329.92,774.13,629.17,594.85,419.37,319.45,524.67,923.14,1373.50,373.74,278.19,829.36,1760.15,750.40,318.50,
521.43,1537.29,1027.26,646.61,318.40,418.48,548.49,574.60,570.38,280.90,239.09,637.08,1089.07,1075.94,538.04,450.65,2894.40,4127.13,4928.48,509.81,433.34,1220.88,2106.62,629.93,251.78,330.48,752.47,625.14,589.52,417.55,315.95,518.83,894.71,1434.81,373.74,277.09,829.36,1702.05,755.92,320.80,
458.86,1644.99,956.17,685.72,311.62,427.44,535.84,578.88,559.34,285.32,238.61,646.15,1099.93,1099.77,535.22,458.93,2933.58,3965.85,5302.49,504.44,423.39,1215.82,2322.55,644.81,251.39,332.10,745.81,632.84,589.52,411.64,318.96,520.16,925.84,1416.80,375.40,277.64,811.80,1692.52,738.74,322.08,
478.27,1383.06,1144.66,612.17,324.78,420.78,557.58,586.25,580.42,278.72,243.52,622.39,1115.66,1062.39,544.26,445.27,2809.67,4188.40,4611.88,515.34,434.81,1160.13,2516.92,636.11,252.81,330.48,745.81,627.27,577.96,418.32,319.29,518.83,931.00,1408.56,377.58,276.57,847.37,1619.57,788.35,324.42,

547.59,348.53,351.95,868.67,425.51,159.25,157.26,548.49,904.91,372.12,64.85,238.48,606.71,917.73,625.32,112.36,267.77,394.38,420.74,163.73,231.14,373.56,381.58,158.65,64.94,487.33,1232.80,578.81,234.36,111.51,413.25,792.93,533.44,253.89,224.29,359.96,712.20,360.83,337.21,438.95,
521.79,361.57,338.64,896.02,413.54,159.60,156.02,557.58,897.34,372.12,64.71,236.41,613.68,909.65,630.39,112.54,265.78,395.58,410.26,163.35,230.88,376.58,380.39,160.25,64.95,485.70,1217.35,576.00,237.43,111.69,408.85,775.09,542.09,254.29,224.29,364.52,705.05,361.71,336.51,442.17,
552.88,356.70,351.25,845.01,426.90,158.68,156.55,551.33,915.29,367.32,64.77,237.17,613.68,907.45,622.75,112.98,267.21,399.88,414.18,164.06,229.04,376.58,383.52,158.48,64.88,479.77,1162.61,577.94,235.49,111.77,413.25,798.76,531.03,254.29,222.93,364.54,709.23,360.73,339.07,440.35,
615.80,357.13,338.28,894.97,415.61,159.25,156.21,559.14,904.91,372.12,64.80,235.65,615.95,907.45,622.75,112.72,267.74,399.88,422.31,164.53,228.18,375.85,380.39,157.78,64.96,478.50,1256.52,567.37,236.48,111.37,413.14,794.88,532.28,251.96,224.37,360.87,730.34,360.87,343.61,445.75,
634.64,358.32,341.51,904.46,417.70,160.69,155.53,552.49,904.91,379.01,64.71,238.81,606.71,944.97,628.26,112.63,268.75,407.88,413.70,164.61,229.30,374.71,387.14,158.83,64.77,480.54,1228.04,591.77,237.09,111.84,415.40,804.60,526.21,254.37,221.88,367.35,722.82,367.32,340.51,449.80,

216.58,135.24,123.93,258.51,122.72,180.67,167.38,513.35,369.89,130.33,70.45,272.69,631.76,282.47,230.66,130.59,311.89,162.16,138.89,185.50,258.11,148.77,125.78,174.05,70.69,284.17,270.40,525.15,266.84,129.46,121.32,369.89,549.94,295.90,249.39,129.76,262.39,155.54,144.16,269.55,
229.55,134.46,125.26,256.28,123.13,177.87,169.44,498.94,374.30,129.30,70.73,267.80,665.09,277.39,234.85,130.12,312.00,160.35,138.22,184.60,257.53,148.30,125.78,173.63,70.65,282.05,271.46,526.76,265.41,130.05,121.12,372.84,548.49,295.90,247.98,129.89,264.32,155.69,143.20,269.52,
229.82,134.23,125.47,257.51,122.92,178.05,170.05,501.01,373.20,129.65,70.73,268.75,644.00,275.31,231.81,130.47,315.51,161.64,138.89,183.42,258.68,148.15,126.44,172.16,70.61,282.53,269.55,521.19,267.88,129.18,121.64,373.56,556.54,291.34,252.06,129.87,262.39,155.04,144.62,270.60,
217.19,134.69,124.19,257.90,122.78,178.55,167.98,503.24,370.99,129.88,70.76,271.89,631.03,281.88,234.86,130.72,315.43,160.88,138.66,184.02,258.38,148.46,125.89,174.05,70.79,281.56,274.05,527.49,268.92,129.61,121.32,369.16,552.49,294.06,247.15,130.24,262.83,156.70,143.08,269.93,
234.53,135.15,124.53,260.21,122.45,179.29,167.04,515.62,371.72,129.40,70.69,269.34,631.76,278.45,232.92,130.60,314.07,160.37,138.77,185.90,258.98,147.69,126.44,173.63,70.76,283.35,276.88,518.83,269.12,129.76,121.43,365.43,561.74,292.65,250.33,130.12,265.80,155.04,145.03,269.55,

265.82,539.00,333.80,207.73,104.96,515.54,635.61,532.99,303.24,107.31,268.92,830.96,1110.62,337.78,273.25,540.99,3107.86,942.82,804.41,685.41,589.12,456.24,403.56,817.33,285.51,226.25,213.75,575.55,755.08,482.82,102.19,302.59,902.13,1924.80,480.43,106.91,309.17,623.34,380.82,219.19,
266.44,545.48,334.04,208.13,104.34,513.17,650.64,524.30,307.98,106.91,271.45,846.78,1089.07,340.87,277.39,543.50,3183.68,950.36,846.78,698.65,593.73,459.18,402.42,812.12,285.51,227.29,215.60,575.14,763.99,482.82,102.27,302.59,891.50,2041.45,486.82,106.91,305.37,639.14,382.07,218.23,
267.98,548.65,335.15,208.13,104.72,515.54,626.91,538.23,302.50,107.55,271.45,854.19,1089.07,341.80,280.21,547.39,3410.12,942.82,835.75,678.95,598.40,459.18,405.83,804.41,290.26,226.99,215.18,580.52,756.28,500.30,101.89,303.84,916.69,2310.43,488.62,107.15,306.69,621.31,382.93,221.45,
266.38,539.19,339.89,209.63,105.17,517.91,639.36,532.06,307.23,107.31,274.33,861.97,1089.07,338.05,280.10,540.99,3252.68,931.30,862.28,698.65,603.12,450.52,401.30,826.46,288.90,226.69,213.58,575.55,763.99,492.85,102.55,305.65,946.72,1934.43,493.73,107.15,308.55,631.15,385.94,220.58,
266.73,532.66,340.72,206.65,104.99,510.80,641.57,530.38,307.23,107.15,274.68,822.50,1121.28,340.52,277.50,559.34,3330.85,920.00,856.63,698.03,593.73,451.91,410.42,804.41,288.90,226.99,214.75,575.14,770.20,494.67,102.42,301.34,905.91,2197.59,487.12,107.23,308.55,640.96,385.07,220.75,

100kHz
496.79,2110.01,1403.61,630.10,308.03,383.55,536.46,550.80,572.52,240.25,208.54,590.67,1290.05,1129.36,535.69,414.68,3227.69,3372.44,2628.40,460.80,377.45,1127.71,2922.22,601.11,215.10,287.91,732.81,587.11,545.02,376.45,292.01,514.68,1011.62,2022.05,340.37,236.92,817.94,2126.43,738.77,277.95,
453.84,2210.54,1448.69,627.95,307.88,377.62,540.81,563.58,563.24,243.25,209.19,603.04,1301.32,1141.16,547.37,414.68,2866.37,3165.01,2628.40,472.82,381.44,1161.67,3505.05,586.60,216.58,291.40,743.07,587.85,543.38,373.95,289.74,514.68,1043.26,2066.32,342.13,240.50,819.94,2126.43,735.85,278.80,
430.87,4620.43,1118.73,687.77,299.23,400.08,504.11,586.60,550.93,243.02,207.39,608.89,1241.42,1116.86,527.05,417.12,3002.02,3432.94,2548.53,469.47,381.44,1076.14,3287.41,581.74,217.53,286.33,751.48,587.85,541.51,377.62,294.17,504.11,1024.38,2066.32,340.37,237.99,844.73,2041.37,744.57,280.07,
443.36,3608.67,1129.36,680.46,299.23,400.08,511.24,568.28,546.71,241.41,207.39,603.04,1260.20,1126.34,527.05,414.76,2704.81,3158.94,2523.48,472.82,379.52,1110.23,3505.05,591.27,217.66,285.53,726.84,585.02,552.57,378.77,291.91,511.24,998.95,1967.23,340.68,237.12,843.00,2126.43,734.71,275.46,
424.39,4888.20,1073.51,711.77,293.86,399.76,493.92,572.73,538.61,244.65,207.38,604.64,1210.65,1129.64,524.46,412.36,2780.02,4034.62,2122.75,460.24,383.55,1107.09,3002.02,586.29,214.36,291.16,753.61,584.44,543.38,377.79,295.44,500.43,1014.02,2066.32,342.13,237.99,825.18,2034.87,748.81,270.20,

488.82,337.24,299.47,1322.56,388.85,137.94,131.10,576.48,1002.02,341.90,53.29,208.37,615.77,933.47,609.28,94.72,236.04,352.34,376.68,140.87,197.17,330.95,335.40,135.20,53.28,436.77,1269.53,572.99,202.85,94.07,396.17,890.96,507.81,229.60,194.58,321.36,677.81,317.66,297.26,395.95,
495.76,329.56,301.22,1250.71,396.84,137.94,131.10,559.06,1030.63,341.10,53.15,207.05,590.32,887.72,601.07,94.69,233.87,356.57,375.24,140.99,199.89,331.01,343.29,134.20,53.37,434.94,1301.74,572.23,203.55,94.12,400.35,858.96,511.24,223.93,197.61,318.96,675.14,314.64,302.04,394.10,
546.71,310.63,320.74,967.05,418.60,135.04,135.12,519.22,1077.09,325.44,53.48,204.32,627.00,857.02,627.71,94.39,239.75,353.75,373.80,140.89,199.35,328.01,339.90,134.37,53.38,422.00,1374.79,569.87,204.90,94.12,389.67,879.90,507.81,225.32,196.13,323.75,673.25,316.52,296.77,400.16,
550.80,312.37,319.34,950.97,416.62,135.26,134.93,530.69,1031.05,326.13,53.42,204.32,626.44,876.00,635.85,94.39,238.86,354.33,384.47,141.42,198.79,322.15,341.74,133.97,53.21,426.32,1301.74,561.33,204.45,94.02,402.44,879.90,522.50,226.21,197.61,321.78,667.30,316.52,298.12,395.63,
503.22,326.49,308.15,1148.94,405.43,137.26,132.54,538.61,1002.02,331.74,53.31,203.67,611.29,857.02,621.22,94.50,238.17,353.14,375.24,141.11,199.36,332.42,335.25,134.64,53.30,425.45,1371.32,567.40,204.45,94.12,396.17,868.99,507.81,226.85,197.77,320.16,695.71,310.80,300.53,392.98,

189.41,115.00,106.66,231.72,104.57,152.41,147.09,490.96,348.56,107.74,58.59,233.56,631.60,238.56,203.73,107.41,274.67,130.99,115.85,158.22,224.07,121.82,107.74,150.98,58.91,241.08,241.44,511.11,231.36,106.92,103.51,330.57,540.81,251.32,223.17,107.29,227.39,128.55,119.80,230.87,
191.32,114.45,106.84,227.85,104.74,151.43,147.33,487.61,353.37,108.20,58.83,232.80,614.83,236.08,203.59,106.83,271.66,130.92,116.14,157.54,226.92,122.64,108.03,150.00,59.03,240.80,239.26,506.68,231.12,107.04,102.95,334.88,514.21,255.67,221.31,107.70,224.90,128.96,119.91,231.74,
194.51,114.33,107.87,224.13,105.51,150.88,149.08,480.99,356.86,108.16,58.59,232.07,634.52,234.64,204.74,107.29,274.67,130.45,116.07,156.87,226.22,122.08,108.20,150.35,58.92,239.50,241.44,511.55,230.56,106.66,102.83,334.88,538.07,255.67,221.93,107.47,227.23,128.55,120.14,231.16,
195.33,113.04,108.04,224.90,105.67,150.60,148.51,470.91,358.85,108.40,58.97,232.06,640.74,233.22,206.93,107.49,274.50,130.52,116.44,157.40,225.54,122.23,108.24,149.65,58.86,240.80,239.26,509.12,229.69,107.23,103.25,332.00,525.68,253.88,220.69,107.47,224.90,127.94,119.52,233.15,
189.54,114.84,106.98,233.30,104.40,153.05,145.96,497.64,350.29,108.35,58.52,230.53,622.32,239.40,200.97,107.64,277.57,130.19,115.92,158.22,226.24,122.15,108.27,149.74,59.05,239.50,241.70,508.59,233.47,106.79,103.39,338.01,529.77,254.04,224.68,107.15,228.36,128.81,119.97,229.15,

229.60,555.71,314.23,186.34,87.58,500.77,662.11,529.77,274.18,88.13,233.47,857.63,1237.76,300.68,253.37,504.60,2369.21,858.96,868.99,670.98,559.33,407.23,386.61,819.94,246.91,195.33,191.73,560.82,749.78,449.04,85.42,265.67,1008.46,3636.04,468.84,88.41,268.01,591.27,348.04,190.88,
233.03,548.98,320.93,184.51,88.02,487.66,714.55,522.12,278.31,88.20,238.96,820.89,1267.57,295.75,254.68,501.01,2233.71,858.96,890.42,672.14,581.74,408.78,387.15,810.48,248.58,193.49,192.23,552.86,751.64,446.14,85.81,266.84,1067.63,2996.84,469.93,88.57,269.15,603.71,353.78,189.28,
225.19,585.25,312.24,187.45,87.89,526.46,627.57,542.27,268.15,88.34,235.82,839.00,1202.22,301.98,250.67,500.77,2210.54,849.04,868.99,655.15,563.85,404.22,387.64,801.73,249.28,194.51,189.17,567.29,745.60,439.02,85.31,265.67,1004.54,3925.72,473.41,88.18,270.30,590.99,351.33,190.45,
227.87,573.09,311.95,185.97,87.46,522.94,633.00,558.66,268.15,88.32,235.03,863.62,1194.62,300.68,251.47,504.11,2180.08,879.12,849.04,666.45,568.28,403.84,381.30,793.07,247.19,193.28,191.86,550.51,760.77,439.66,85.81,262.06,1033.16,2956.34,478.72,88.28,269.66,581.85,350.09,190.85,
234.64,531.38,324.04,185.22,87.69,494.34,713.71,524.46,274.26,88.03,235.82,839.00,1237.76,300.71,251.61,490.69,2326.96,879.90,847.63,647.04,559.47,409.13,383.07,801.93,247.89,194.30,191.49,561.60,762.73,442.56,85.51,266.84,1039.57,3394.75,474.23,88.28,271.39,599.78,355.25,190.21,



















