PHANTOM 3 
baseline
497.87,943.64,734.88,59.91,510.74,631.52,848.38,637.96,1017.55,744.81,433.34,688.03,1103.29,956.98,454.20,408.59,1035.36,1228.23,937.40,684.13,438.14,780.73,696.28,830.23,408.34,606.95,805.76,1517.70,1001.24,837.56,440.39,1070.52,1118.33,1162.91,480.42,782.23,975.54,1153.61,731.56,76.81,
buco piccolo 2.6 cm 
484.10,916.67,724.50,70.05,487.35,675.71,809.78,486.98,1016.96,715.71,431.31,665.33,916.09,873.80,457.29,645.61,1058.56,1025.83,814.86,681.78,440.62,713.95,688.70,809.95,409.86,594.06,780.93,1308.65,1030.44,755.39,431.78,1120.57,903.12,1068.27,449.82,783.78,901.19,1196.68,709.47,84.65,
4.2cm
492.60,766.37,669.60,78.04,474.93,721.81,780.14,680.22,982.58,675.31,446.50,573.54,827.55,804.80,481.07,1477.74,900.18,948.80,788.95,675.31,429.94,645.48,620.78,763.41,434.09,591.07,785.13,1355.58,892.41,735.52,481.07,1017.55,804.64,805.82,449.05,731.15,745.22,870.12,676.63,92.81,
507.51,711.84,653.48,87.91,491.84,650.81,769.99,298.41,948.89,679.29,477.30,171.41,969.54,843.09,495.62,129.10,911.04,895.19,767.64,704.85,437.01,610.18,615.04,815.02,453.93,581.73,783.99,1198.32,1033.75,729.83,488.48,1048.82,859.87,842.22,456.55,759.08,827.55,898.95,654.11,108.63,
6cm
474.78,636.25,563.50,95.55,471.70,679.50,742.99,345.23,832.35,644.41,483.16,259.03,699.17,674.84,459.60,177.93,657.04,702.30,676.53,688.34,393.60,519.96,518.94,691.92,446.42,573.62,716.48,979.34,770.83,703.70,486.93,803.70,664.84,693.96,419.61,701.91,709.41,684.93,607.05,115.31,
7.5cm
441.27,539.99,416.71,115.88,438.23,599.25,559.02,250.85,650.54,562.31,453.80,200.53,571.28,584.22,449.46,143.92,568.14,606.19,554.03,615.69,381.63,433.41,408.67,561.50,416.59,524.78,584.85,764.91,647.67,626.69,431.80,641.78,596.49,574.24,389.69,607.01,579.86,620.07,478.02,118.87,

9cm
394.55,439.27,344.20,140.34,385.20,540.66,448.00,276.84,509.50,493.32,400.69,187.59,459.34,458.41,409.37,138.01,500.63,486.60,463.15,577.32,347.79,363.90,314.52,445.92,370.27,475.11,450.89,606.48,533.70,552.97,367.27,518.98,473.28,502.67,353.73,516.14,475.74,499.02,383.04,123.72,
10.5
319.68,364.91,262.75,555.87,310.24,569.00,425.04,116.57,447.82,455.76,331.49,137.36,395.14,381.96,327.29,1518.82,415.45,420.81,359.82,563.77,290.88,296.58,256.73,388.22,315.96,411.75,374.25,558.86,447.76,524.57,295.14,491.02,378.19,433.49,298.88,483.75,388.44,444.66,313.57,268.75,
334.06,356.58,265.74,444.44,305.66,504.37,404.48,196.89,443.72,433.91,345.95,869.74,420.42,410.46,345.50,264.70,416.34,406.13,352.86,507.97,290.04,302.78,254.41,379.76,338.17,401.31,364.13,539.09,481.26,506.63,302.95,457.94,402.69,414.14,295.39,454.49,400.92,411.64,305.14,267.67,

calibrazione diversa 0-5, 1-4
1556.21,3339.88,2675.98,1246.62,1735.98,2381.74,3060.32,1146.36,4051.58,2270.41,1583.57,2485.68,4554.22,3643.35,1526.80,1928.44,4040.57,5151.00,3240.77,2401.96,1491.43,2626.97,2739.80,3176.79,1519.97,2174.63,3348.17,5774.93,4450.00,3129.78,1716.31,4349.07,3982.14,4383.68,1618.59,2574.45,3399.61,4948.17,2924.95,1611.86,
1558.32,3117.77,2389.94,1266.68,1715.05,2417.47,3073.65,2136.37,3597.61,2359.79,1617.65,2280.17,3715.10,3319.31,1558.93,2089.81,4115.74,4210.13,3043.95,2377.42,1458.54,2475.39,2565.04,3147.30,1555.38,2191.26,3300.55,5228.02,4147.01,3065.01,1696.64,4401.69,3630.31,3790.10,1562.81,2280.42,3374.72,4180.80,2636.40,1616.20,
1580.80,2950.72,2109.99,1691.64,1662.12,2513.38,2580.30,2695.73,3353.73,2333.02,1653.04,2443.33,3039.10,2697.72,1610.66,1902.11,3601.34,3722.86,2815.80,2441.45,1532.14,2173.40,2241.57,2573.40,1582.87,2037.96,3001.85,4922.63,3785.42,3009.46,1724.02,3556.05,3117.86,3779.42,1593.94,2340.41,3013.50,3816.36,2298.34,1386.76,
1516.62,2409.21,1842.10,1354.05,1622.47,2511.28,2189.73,2178.73,2691.94,2178.73,1572.33,2457.38,2616.16,2474.83,1603.39,1953.24,2906.26,2755.51,2632.46,2389.94,1454.34,1850.96,1727.70,2205.29,1474.20,1993.31,2619.31,3634.89,2915.06,2868.89,1629.78,2904.97,2451.18,2956.27,1549.86,2239.45,2473.85,3075.26,1970.85,1511.77,
1494.04,2018.84,1481.97,1511.70,1499.25,2425.87,1987.34,1920.95,2325.86,2007.36,1472.08,575.53,2187.96,2024.85,1523.92,1633.35,2328.19,2150.47,2042.88,2202.12,1379.29,1542.25,1446.85,1916.88,1424.01,1871.16,2071.26,2738.72,2224.15,2609.29,1537.93,2320.80,1967.16,2405.73,1407.07,2119.99,1958.36,2267.82,1623.04,1334.58,
1357.00,1687.23,1098.34,4277.67,1300.12,2187.28,1645.41,1151.75,1796.00,1728.32,1360.92,2552.15,1686.41,1668.59,1407.90,2001.85,1861.11,1770.03,1576.75,2073.50,1188.38,1206.76,1090.57,1557.70,1287.84,1620.16,1522.92,2212.06,1866.70,2108.84,1322.38,1916.88,1696.41,1862.68,1213.66,1831.28,1589.08,1877.10,1216.28,1352.53,
1153.72,1248.00,888.99,6112.54,1053.83,1772.22,1344.34,613.37,1496.57,1427.41,1138.98,1152.99,1394.72,1358.38,1180.94,1702.05,1477.53,1407.51,1293.77,1794.86,1043.48,993.08,898.38,1252.04,1149.90,1411.69,1296.97,1870.13,1654.32,1871.16,1048.30,1589.76,1357.02,1595.05,1049.33,1518.25,1341.23,1509.23,1059.33,1355.87,

calibrazione 0-5, 1-2
1021.97,1981.70,1640.94,1183.44,837.17,1346.66,1711.64,216.75,2190.25,1528.77,1000.45,1483.16,2551.91,2074.38,1085.20,967.16,2523.72,2698.47,1997.12,1274.09,966.39,1453.39,1556.68,1870.49,939.77,1155.88,1812.61,3031.05,2595.88,1990.14,837.16,2386.57,2500.50,2498.12,995.57,1626.91,2211.32,2634.11,1546.54,1133.78,
967.86,1837.51,1511.38,884.90,915.75,1414.38,1783.98,2206.96,2221.79,1460.16,1018.72,1418.24,2277.31,2035.64,1008.72,948.47,2400.49,2458.19,1925.06,1359.12,898.40,1435.38,1517.62,1799.32,981.64,1202.98,1867.50,3361.39,2419.48,1936.12,905.41,2291.23,2313.49,2213.55,970.84,1524.49,2016.73,2282.42,1449.10,1361.11,
1000.88,1819.44,1368.24,1308.82,913.25,1514.52,1686.83,10077.01,2005.62,1453.03,1006.11,2413.15,1728.52,1752.39,1015.80,1016.32,1968.20,2183.29,1689.59,1406.49,880.65,1321.99,1407.94,1661.86,954.41,1223.73,1671.18,2951.48,2096.13,1968.20,944.43,2141.86,1911.11,2043.56,957.12,1473.40,1602.81,2085.95,1290.61,916.39,
922.12,1485.27,1087.36,1011.40,958.42,1361.84,1406.49,3828.77,1712.59,1331.75,968.92,2203.10,1467.66,1402.83,951.49,852.89,1617.67,1607.57,1420.11,1322.93,865.95,1095.87,1099.86,1323.24,928.91,1249.09,1494.45,2332.87,1778.74,1740.19,977.19,1758.66,1463.50,1755.10,913.64,1305.63,1341.34,1733.78,1100.52,1093.32,
907.82,1220.90,889.51,1040.37,868.20,1361.56,1123.20,1679.80,1308.26,1223.30,913.83,1297.53,1247.59,1182.67,905.74,1023.80,1453.03,1305.45,1267.80,1334.43,825.43,910.36,843.52,1157.55,876.72,1131.49,1267.95,1672.65,1429.23,1540.66,928.14,1309.41,1242.39,1472.00,867.02,1204.04,1145.62,1331.56,989.24,964.03,
783.05,1002.80,661.16,1347.98,797.71,1222.79,940.99,1607.68,1076.27,980.18,781.11,1119.47,977.88,967.40,786.50,1072.04,1091.25,1074.19,985.26,1165.74,742.27,753.06,656.17,935.67,762.49,1029.73,963.75,1295.88,1164.37,1376.32,750.33,1127.76,998.59,1179.96,737.17,1082.12,959.64,1117.24,775.07,805.22,
705.97,781.43,543.61,3233.89,634.61,1109.50,750.33,1273.26,860.79,839.03,688.58,1420.83,829.75,783.67,692.28,1122.08,893.52,854.91,753.26,1103.04,604.39,589.97,535.64,743.60,675.35,855.94,764.75,1123.95,984.87,1101.49,628.15,934.18,816.91,907.88,619.03,896.42,777.72,858.75,612.32,647.25,



frequency sweep calibrazione 0-5 1-2
ADJACENT PROTOCOL: 'a' 
OPPOSITE PROTOCOL: 'b' 
AD5933 Test Started!
Calibrated!
1005.83,922.00,980.50,1082.54,1187.23,1231.97,1317.37,1307.88,1376.11,1461.78;
2228.52,1845.64,2051.14,2615.96,2652.85,2898.20,3080.90,2949.13,2830.25,2630.94;
1833.18,1622.67,1769.29,2083.42,2221.25,2304.67,2329.23,2364.54,2401.84,2367.56;
803.02,940.50,923.35,949.64,834.95,763.13,710.97,655.19,627.60,613.26;
1030.57,941.64,1030.62,1171.26,1250.73,1321.68,1363.38,1373.67,1459.49,1530.05;
1652.08,1529.87,1658.13,1822.25,1500.09,2185.50,2245.66,2406.49,2277.91,2745.21;
2041.50,1898.43,1992.83,2299.47,2617.91,2838.70,3003.21,3172.04,3569.32,4391.90;
730.82,2624.77,2918.92,1467.34,1369.78,1419.22,1251.84,1129.37,1042.43,978.68;
2767.53,2314.66,2849.33,3564.86,3750.52,4098.68,4165.88,3981.06,4003.42,4023.26;
1678.07,1456.00,1688.94,1934.97,2191.12,2241.55,2377.51,2406.49,2657.80,2998.76;
999.42,905.99,988.67,1115.17,1126.21,1152.98,1169.91,1227.91,1272.85,1367.00;
804.91,1770.01,2665.98,3607.76,2376.66,1836.99,1539.11,1277.96,1160.76,1076.22;
2871.70,2529.75,2634.41,2915.51,3351.95,3315.77,3292.90,3329.74,3536.50,3231.78;
2465.40,2304.29,2327.86,2684.36,2715.24,2980.50,3157.85,3378.59,3409.59,3317.01;
1042.21,953.69,1029.16,1096.01,1152.02,1225.87,1275.46,1309.37,1405.81,1506.41;
560.09,1335.88,951.90,899.78,843.59,794.91,737.89,692.42,670.19,648.78;
2767.32,2501.96,2844.88,3075.51,3318.03,3498.20,3259.39,3097.90,3232.72,3044.84;
3337.31,3064.75,3423.37,4307.77,4259.52,4353.81,4079.57,4121.00,3992.29,3593.07;
2266.54,2102.61,2421.10,2781.19,2907.85,2799.37,2879.74,3072.46,2805.88,2908.14;
1591.49,1481.87,1639.13,1682.18,1894.59,1940.73,1997.20,2171.81,2258.49,2472.02;
921.49,855.30,956.80,1040.11,1090.73,1117.63,1177.25,1228.06,1287.31,1378.46;
1755.83,1542.98,1822.00,2122.37,2146.50,2249.71,2327.41,2456.15,2649.33,2972.46;
1873.91,1650.34,1943.25,2380.09,2346.43,2400.64,2481.20,2684.38,2945.12,3142.70;
2098.04,1842.49,2240.07,2587.11,2543.51,2663.71,2731.96,2907.92,3387.36,3859.08;
961.86,876.25,981.67,1060.88,1111.74,1136.66,1196.22,1242.23,1369.53,1470.13;
1277.55,1189.07,1326.89,1421.00,1516.24,1552.72,1652.59,1739.39,1812.17,1962.05;
2223.17,1926.65,2274.66,2842.00,2773.03,2870.12,2856.83,2956.65,3113.67,3303.10;
4356.93,3161.02,4022.95,4872.21,5242.90,5686.49,5187.85,5210.28,5291.23,4918.99;
2872.62,2634.66,3157.12,3877.79,3486.21,3651.09,3972.24,4136.40,3948.67,3767.90;
2056.19,1847.97,2047.90,2207.80,2397.88,2536.00,2827.92,3150.72,3456.46,3715.67;
1098.33,993.82,1088.67,1227.17,1268.36,1332.58,1370.87,1455.81,1540.11,1670.57;
2985.76,2428.47,3003.74,3983.73,4030.07,4304.14,4715.16,4886.03,5676.77,6935.09;
2669.85,2634.29,2904.64,3343.38,4050.17,4304.14,5090.24,5148.21,5795.12,6053.92;
2760.15,2287.77,2754.60,3536.71,3771.02,4540.58,4903.04,5830.69,6510.64,7846.67;
988.58,940.91,991.46,1082.79,1146.57,1167.86,1188.38,1222.67,1301.84,1416.47;
1677.29,1448.86,1547.21,1687.94,1909.71,2061.78,2163.35,2144.41,2472.43,2777.68;
2266.54,1944.97,2130.74,2468.23,2828.76,3087.32,3364.18,3825.05,3962.14,3945.13;
3059.74,2711.30,2797.91,3167.61,4316.78,4857.56,5951.18,6378.11,5885.35,5845.84;
1743.15,1576.43,1631.12,1745.40,1962.25,2115.16,2244.85,2357.58,2638.38,3073.38;
789.97,808.93,782.39,1108.78,1472.55,1689.94,2047.69,2649.28,3020.22,2910.03;
END!
1010.81,925.10,978.88,1143.53,1177.94,1237.69,1287.61,1332.14,1391.61,1449.14;
2162.58,1940.23,2102.95,2658.85,2764.09,2980.50,3172.68,2927.85,2869.57,2940.09;
1831.45,1673.33,1828.16,2218.94,2235.93,2309.09,2389.56,2485.86,2562.43,2598.65;
861.18,1532.38,1482.37,1269.31,1135.59,1026.13,912.87,829.19,794.13,751.07;
1034.74,971.32,1034.78,1203.56,1239.40,1301.82,1347.83,1392.31,1490.78,1536.54;
1676.42,1499.83,1694.54,2061.04,1976.70,2049.26,2203.69,2309.06,2582.00,2922.71;
2042.41,1824.83,2033.40,2581.91,2703.12,2896.67,3110.79,3425.62,3486.71,4640.33;
730.82,2127.27,35568.64,1731.30,1978.50,1958.62,1734.42,1506.94,1307.33,1185.75;
2767.32,2593.59,2631.24,3192.97,4259.52,4111.14,4184.20,4088.21,4208.82,4531.07;
1677.29,1547.37,1650.32,1842.19,2078.90,2168.32,2334.25,2377.54,2540.44,2965.32;
1006.86,956.31,1000.36,1148.82,1142.58,1192.53,1215.30,1215.68,1285.54,1347.40;
832.51,1774.64,1716.64,1392.19,1228.65,1061.01,952.41,850.17,811.69,766.35;
2764.24,2467.32,2622.85,3174.39,3279.73,3252.31,3168.95,2833.73,2957.66,2725.84;
2491.41,2124.61,2401.23,2928.77,3062.93,3173.77,3247.31,3246.15,3153.88,3447.82;
1049.53,968.57,1042.58,1184.82,1241.71,1283.84,1277.59,1302.85,1282.45,1413.21;
571.44,1234.18,949.84,930.96,850.85,784.12,739.91,689.07,674.63,651.27;
2733.98,2502.28,2873.95,3428.99,3409.79,3326.32,3253.80,3271.07,3257.13,3061.57;
3336.95,2800.88,3458.31,3560.46,4092.52,4383.09,4240.66,3849.26,3795.06,3513.57;
2244.15,2116.29,2402.57,2781.38,2887.57,2852.40,2865.46,2851.11,2835.00,2948.58;
1615.06,1464.18,1613.95,1864.74,1883.95,1943.11,1983.73,2077.62,2182.16,2437.85;
929.38,880.31,956.80,1071.32,1090.73,1132.40,1160.46,1217.54,1290.74,1374.44;
1743.15,1539.18,1798.90,2070.17,2173.14,2237.20,2426.34,2497.14,2691.12,3004.52;
1859.14,1672.52,1959.80,2362.49,2326.31,2356.65,2529.69,2604.82,2844.58,3202.27;
2079.81,1916.38,2243.11,2429.35,2550.03,2630.97,2650.83,2845.63,3255.32,3563.40;
970.41,890.87,992.80,1111.15,1123.57,1164.15,1202.09,1251.69,1360.12,1508.98;
1291.40,1169.54,1337.83,1475.04,1481.47,1606.64,1672.04,1717.96,1865.73,1998.58;
2202.34,2035.70,2277.39,2527.00,2673.85,2898.20,2853.48,3119.26,3151.15,3268.64;
4278.79,3552.03,3961.63,5439.30,5023.62,4967.50,5287.32,5320.74,5206.82,4543.81;
2907.30,2491.10,3152.27,3751.97,3521.30,3688.02,3754.78,3737.81,3894.04,3526.95;
2016.52,1875.80,2062.55,2230.74,2469.43,2602.09,2769.39,2850.47,3039.61,3243.92;
1099.10,998.62,1100.23,1227.17,1274.92,1341.84,1387.09,1401.33,1572.86,1630.61;
2984.98,2710.68,3060.71,3841.13,3881.98,4327.30,4567.77,5085.91,5011.76,6113.39;
2734.18,2666.40,2934.14,3487.97,4050.17,4490.83,5341.30,5375.13,5631.11,6202.93;
2757.50,2249.88,2709.39,3463.79,4098.06,4497.37,4976.74,5567.66,6269.85,8147.15;
979.76,905.63,989.99,1093.18,1133.30,1164.12,1193.52,1221.62,1339.55,1443.04;
1686.81,1462.64,1579.73,1836.07,1912.52,2009.82,2121.36,2110.01,2366.42,2552.64;
2263.83,1935.15,2189.81,2752.67,2830.59,3008.80,3413.52,3676.04,3644.10,3558.78;
3180.88,2741.46,2944.91,3584.28,4362.94,5111.52,5906.21,5316.62,4982.41,4498.14;
1726.27,1601.13,1642.24,1973.09,1970.22,2046.79,2254.78,2334.27,2604.95,2879.64;
934.44,1045.47,1136.71,2448.23,3333.86,5935.42,6990.08,5134.58,3264.98,2395.52;
END!
1006.86,937.86,988.12,1152.69,1192.50,1234.63,1273.56,1335.71,1394.24,1496.17;
2180.27,1908.98,2104.03,2623.77,2665.50,2978.84,3254.73,2973.76,2890.80,2936.42;
1821.63,1627.87,1797.10,2136.23,2152.19,2379.97,2301.44,2368.77,2540.44,2702.67;
843.07,2338.45,1413.26,1281.53,1134.97,1002.45,898.67,827.07,791.45,749.56;
1039.97,958.14,1032.83,1169.16,1249.26,1324.41,1365.98,1407.59,1477.79,1563.57;
1665.78,1470.41,1635.32,1764.94,1862.79,1946.55,2104.65,2250.31,2418.79,2809.64;
2057.63,1765.41,2033.40,2624.73,2658.39,2873.32,3062.14,3247.40,3510.59,4154.25;
703.71,1447.80,1263.37,2007.73,2040.45,1880.77,1678.85,1441.84,1281.55,1159.42;
2767.53,2240.70,2682.57,3101.34,3759.54,4111.14,4117.33,4183.66,4734.93,4226.34;
1667.03,1497.34,1643.22,1836.07,1981.21,2192.97,2311.81,2459.53,2644.16,2835.50;
1007.35,931.02,996.51,1128.46,1044.93,1124.34,1195.19,1231.98,1331.58,1375.23;
719.67,3026.47,5223.58,2020.40,2430.42,2235.99,1774.93,1496.08,1288.61,1152.18;
2871.70,2604.76,2576.12,2752.67,3279.73,3331.64,3183.94,2774.44,2531.35,2191.45;
2436.67,2035.70,2249.67,2738.19,2771.50,3040.70,2989.67,2799.50,2346.93,2412.09;
1054.89,988.57,1041.44,1143.09,1216.93,1275.78,1331.47,1322.27,1459.87,1479.64;
569.52,1195.28,960.84,852.33,843.59,797.12,740.70,699.10,677.23,655.00;
2766.70,2492.21,2980.25,3478.24,3467.00,3341.34,3328.80,3210.26,3142.46,3035.03;
3288.94,3027.33,3497.65,4579.25,3957.00,4408.33,4334.18,4185.67,3823.96,3513.20;
2267.56,2140.95,2458.04,2560.68,2820.08,2772.11,2865.25,3053.33,2837.39,3057.43;
1592.47,1419.49,1623.93,1837.22,1782.33,1875.99,1926.37,2030.69,2185.42,2350.00;
937.75,876.72,951.33,1083.86,1114.76,1177.41,1203.02,1222.17,1311.24,1398.13;
1758.73,1536.90,1717.66,2034.57,2227.86,2262.64,2427.76,2516.68,2927.26,3220.62;
1859.14,1675.65,1976.85,2434.57,2548.69,2572.61,2616.02,2793.92,3123.71,3468.61;
2078.85,1964.99,2281.84,2554.61,2688.37,2697.01,2715.61,2861.31,3046.23,3487.25;
974.91,875.72,1007.71,1094.70,1145.12,1192.04,1247.58,1304.75,1409.24,1556.55;
1284.12,1213.48,1307.85,1381.33,1446.79,1539.44,1607.84,1704.53,1813.06,1978.21;
2268.35,1942.03,2174.48,2404.96,2555.40,2636.89,2687.95,2854.50,2894.60,2989.61;
4196.07,3120.31,3636.68,3992.72,4455.92,4301.27,4321.79,4326.16,4235.05,4207.81;
3019.13,2593.59,2860.09,3113.04,3230.27,3430.81,3527.74,3513.96,3266.80,3098.17;
2030.60,1780.52,1978.57,2112.95,2246.83,2438.52,2695.66,2917.60,3092.58,3263.89;
1093.45,1024.50,1099.18,1208.86,1277.68,1341.84,1395.27,1413.43,1581.85,1638.16;
3024.75,2800.88,2969.59,3837.62,4014.90,3922.26,4101.73,4417.57,4825.31,5416.48;
2801.48,2724.28,3036.40,4250.18,4189.91,4533.85,5391.33,5821.67,6611.51,6664.70;
2696.86,2233.80,2793.06,3493.62,3948.14,4462.55,5177.84,5330.38,6050.07,8511.18;
980.06,898.23,993.94,1131.33,1136.03,1176.96,1194.38,1226.56,1341.08,1440.00;
1673.28,1475.53,1605.31,1748.66,1863.72,1939.42,2035.45,2051.86,2356.33,2386.21;
2288.10,2047.50,2190.62,2880.17,2928.12,3225.08,3484.34,3515.94,3804.62,3659.70;
3137.11,2466.55,2892.20,3452.44,4385.45,4804.76,5960.68,5913.76,5171.52,4778.21;
1738.28,1549.01,1647.69,1842.19,2030.69,2077.18,2208.03,2288.68,2601.26,2927.83;
870.16,965.30,1140.79,2541.71,3190.23,4423.85,6715.39,5123.51,3426.28,2529.71;
END!
2.6
1047.89,928.78,1017.96,1182.77,1250.73,1276.90,1339.17,1342.61,1455.99,1546.15;
2062.55,1840.24,1997.43,2532.60,2535.44,2677.43,2958.45,3010.14,2970.36,2748.21;
1696.92,1551.65,1667.04,2010.89,1991.33,2046.17,2135.14,2247.30,2315.47,2411.73;
838.30,2005.88,1375.36,1206.88,1095.69,957.46,879.62,791.72,773.82,727.32;
1044.21,980.97,1032.32,1163.52,1254.04,1303.91,1358.23,1381.58,1472.17,1545.04;
1653.66,1465.05,1590.21,1722.90,1883.83,1936.60,2046.07,2234.28,2376.53,2737.66;
1979.74,1834.32,1983.74,2403.36,2444.57,2605.75,2839.17,3059.06,3228.61,3783.03;
806.13,1313.85,1930.85,2524.58,2223.12,1215.80,1260.12,3022.91,3257.13,2161.41;
2608.47,2201.56,2442.72,2859.24,3348.91,3568.51,4074.70,4329.86,4964.19,5019.35;
1691.26,1560.74,1612.98,1927.89,1989.35,2040.94,2245.35,2388.77,2615.80,2949.23;
1030.08,971.32,1013.39,1139.06,1187.23,1234.63,1245.07,1267.73,1343.40,1391.63;
804.23,2399.59,2907.24,1797.41,1532.72,1305.11,1161.14,1012.52,925.81,731.98;
2634.36,2340.16,2494.93,2915.51,3254.72,3457.30,3346.86,3182.86,3195.69,3167.04;
2435.12,2013.72,2314.24,2603.21,2817.67,3093.70,3368.30,3032.02,3316.51,3270.72;
1060.77,1011.19,1058.16,1209.73,1238.51,1311.89,1356.70,1362.28,1455.99,1536.78;
560.18,1139.27,897.90,807.14,810.09,755.30,705.47,659.89,642.65,620.45;
2605.72,2368.02,2792.22,3041.81,3368.27,3170.03,3074.61,3068.24,2907.79,2945.96;
2981.89,2737.24,3251.92,3589.59,3846.80,4200.98,4106.08,3730.69,3731.92,3301.26;
2138.54,1965.85,2332.99,2728.06,2730.44,2678.65,2661.79,2775.02,2815.36,2749.80;
1601.61,1499.83,1646.87,1841.30,1837.64,1958.08,2007.23,2053.44,2208.70,2461.40;
937.39,871.91,971.63,1044.51,1111.74,1146.90,1202.95,1222.96,1330.21,1403.78;
1677.29,1570.39,1792.42,2120.51,2111.89,2190.60,2379.93,2449.42,2803.96,3076.11;
1744.84,1501.94,1804.02,2147.54,2198.42,2345.99,2405.05,2509.88,2835.00,3164.34;
1989.45,1754.22,2223.78,2488.86,2535.29,2815.91,2807.20,3065.08,3341.58,4175.80;
987.60,912.63,1018.68,1109.11,1188.85,1240.76,1288.38,1319.00,1459.57,1569.76;
1346.79,1255.49,1320.54,1486.43,1461.82,1532.71,1581.41,1626.04,1791.38,1880.31;
2096.87,1806.58,2023.75,2278.12,2386.59,2469.25,2532.61,2670.38,2663.54,2809.82;
3832.65,3099.62,3240.05,4470.95,4206.49,4114.27,4204.77,4280.39,4125.01,3664.72;
2796.37,2433.19,2572.67,2856.14,2878.12,3004.15,3043.98,2898.99,3341.25,3054.27;
2032.64,1860.80,1933.42,2242.53,2222.03,2505.42,2517.12,2781.08,2943.12,3101.98;
1093.05,1034.21,1104.36,1221.19,1283.02,1351.21,1386.99,1451.80,1521.70,1638.61;
2766.70,2339.24,2761.88,3536.71,3769.58,3900.17,4262.08,4760.24,5293.81,5845.84;
2493.21,2359.34,2704.81,3097.91,3639.75,3973.23,4468.28,4877.55,5786.66,5752.78;
2600.07,2326.73,2542.20,2976.89,3688.26,4181.09,4733.17,5330.38,5645.16,7205.98;
992.58,929.74,987.93,1080.35,1152.35,1188.40,1217.08,1271.70,1355.17,1457.94;
1686.81,1556.04,1564.45,1726.54,1892.70,2053.30,2089.14,2148.29,2385.71,2664.31;
2137.50,2022.24,2118.81,2602.27,2830.59,2930.75,3197.96,3376.48,3501.20,3411.38;
2897.81,2498.59,2690.61,3102.67,3662.88,4316.40,4985.63,5089.52,4813.60,4531.07;
1675.46,1556.04,1614.89,1703.62,1927.24,1972.85,2134.88,2244.00,2426.85,2801.92;
977.31,1049.92,1088.71,2134.59,3115.52,4237.50,7014.78,5079.93,3393.13,2467.91;

4.2
1047.89,928.78,1017.96,1182.77,1250.73,1276.90,1339.17,1342.61,1455.99,1546.15;
2062.55,1840.24,1997.43,2532.60,2535.44,2677.43,2958.45,3010.14,2970.36,2748.21;
1696.92,1551.65,1667.04,2010.89,1991.33,2046.17,2135.14,2247.30,2315.47,2411.73;
838.30,2005.88,1375.36,1206.88,1095.69,957.46,879.62,791.72,773.82,727.32;
1044.21,980.97,1032.32,1163.52,1254.04,1303.91,1358.23,1381.58,1472.17,1545.04;
1653.66,1465.05,1590.21,1722.90,1883.83,1936.60,2046.07,2234.28,2376.53,2737.66;
1979.74,1834.32,1983.74,2403.36,2444.57,2605.75,2839.17,3059.06,3228.61,3783.03;
806.13,1313.85,1930.85,2524.58,2223.12,1215.80,1260.12,3022.91,3257.13,2161.41;
2608.47,2201.56,2442.72,2859.24,3348.91,3568.51,4074.70,4329.86,4964.19,5019.35;
1691.26,1560.74,1612.98,1927.89,1989.35,2040.94,2245.35,2388.77,2615.80,2949.23;
1030.08,971.32,1013.39,1139.06,1187.23,1234.63,1245.07,1267.73,1343.40,1391.63;
804.23,2399.59,2907.24,1797.41,1532.72,1305.11,1161.14,1012.52,925.81,731.98;
2634.36,2340.16,2494.93,2915.51,3254.72,3457.30,3346.86,3182.86,3195.69,3167.04;
2435.12,2013.72,2314.24,2603.21,2817.67,3093.70,3368.30,3032.02,3316.51,3270.72;
1060.77,1011.19,1058.16,1209.73,1238.51,1311.89,1356.70,1362.28,1455.99,1536.78;
560.18,1139.27,897.90,807.14,810.09,755.30,705.47,659.89,642.65,620.45;
2605.72,2368.02,2792.22,3041.81,3368.27,3170.03,3074.61,3068.24,2907.79,2945.96;
2981.89,2737.24,3251.92,3589.59,3846.80,4200.98,4106.08,3730.69,3731.92,3301.26;
2138.54,1965.85,2332.99,2728.06,2730.44,2678.65,2661.79,2775.02,2815.36,2749.80;
1601.61,1499.83,1646.87,1841.30,1837.64,1958.08,2007.23,2053.44,2208.70,2461.40;
937.39,871.91,971.63,1044.51,1111.74,1146.90,1202.95,1222.96,1330.21,1403.78;
1677.29,1570.39,1792.42,2120.51,2111.89,2190.60,2379.93,2449.42,2803.96,3076.11;
1744.84,1501.94,1804.02,2147.54,2198.42,2345.99,2405.05,2509.88,2835.00,3164.34;
1989.45,1754.22,2223.78,2488.86,2535.29,2815.91,2807.20,3065.08,3341.58,4175.80;
987.60,912.63,1018.68,1109.11,1188.85,1240.76,1288.38,1319.00,1459.57,1569.76;
1346.79,1255.49,1320.54,1486.43,1461.82,1532.71,1581.41,1626.04,1791.38,1880.31;
2096.87,1806.58,2023.75,2278.12,2386.59,2469.25,2532.61,2670.38,2663.54,2809.82;
3832.65,3099.62,3240.05,4470.95,4206.49,4114.27,4204.77,4280.39,4125.01,3664.72;
2796.37,2433.19,2572.67,2856.14,2878.12,3004.15,3043.98,2898.99,3341.25,3054.27;
2032.64,1860.80,1933.42,2242.53,2222.03,2505.42,2517.12,2781.08,2943.12,3101.98;
1093.05,1034.21,1104.36,1221.19,1283.02,1351.21,1386.99,1451.80,1521.70,1638.61;
2766.70,2339.24,2761.88,3536.71,3769.58,3900.17,4262.08,4760.24,5293.81,5845.84;
2493.21,2359.34,2704.81,3097.91,3639.75,3973.23,4468.28,4877.55,5786.66,5752.78;
2600.07,2326.73,2542.20,2976.89,3688.26,4181.09,4733.17,5330.38,5645.16,7205.98;
992.58,929.74,987.93,1080.35,1152.35,1188.40,1217.08,1271.70,1355.17,1457.94;
1686.81,1556.04,1564.45,1726.54,1892.70,2053.30,2089.14,2148.29,2385.71,2664.31;
2137.50,2022.24,2118.81,2602.27,2830.59,2930.75,3197.96,3376.48,3501.20,3411.38;
2897.81,2498.59,2690.61,3102.67,3662.88,4316.40,4985.63,5089.52,4813.60,4531.07;
1675.46,1556.04,1614.89,1703.62,1927.24,1972.85,2134.88,2244.00,2426.85,2801.92;
977.31,1049.92,1088.71,2134.59,3115.52,4237.50,7014.78,5079.93,3393.13,2467.91;
6.0
972.09,912.13,936.55,1345.25,1072.35,1219.68,1228.92,1166.88,1176.73,1257.91;
1610.50,1478.93,1522.64,1869.88,1839.42,1884.07,1916.86,1972.86,1992.76,2041.34;
1254.51,1264.00,1302.20,1557.92,1462.80,1380.72,1324.00,1288.88,1426.70,1354.44;
1005.82,3165.24,1513.87,1607.52,1293.45,1105.02,1012.85,897.45,844.22,803.93;
1067.46,838.08,908.58,1038.38,1124.73,1164.24,1236.87,1258.47,1364.28,1436.04;
1490.94,1373.22,1251.36,1740.94,1719.98,1851.22,1944.56,2070.71,2376.65,2654.05;
1547.27,1459.72,1569.76,1709.12,1764.73,1880.53,1852.66,2053.04,2197.06,2384.24;
780.30,8224.39,3801.65,1626.08,1707.48,1510.29,1329.67,1128.13,1075.27,991.13;
1716.81,1531.90,1774.92,2055.25,2013.79,2175.79,2302.98,2386.79,2521.37,2725.84;
1432.84,1286.83,1467.40,1678.69,1703.48,1826.15,1948.20,1963.41,2197.06,2407.80;
1004.25,929.03,1011.20,1092.10,1147.72,1186.05,1231.28,1281.15,1366.50,1445.29;
728.50,2557.80,3851.34,1908.82,2831.40,2590.12,2232.94,1798.94,1575.41,1360.41;
1443.09,1293.74,1509.64,1712.09,1846.32,2012.24,2053.04,2337.41,2419.04,2692.63;
1432.84,1288.79,1505.91,1740.38,1747.83,1850.25,1930.49,2051.62,2363.66,2801.92;
946.54,892.86,965.59,1087.12,1095.14,1173.17,1228.00,1268.40,1415.92,1495.92;
546.60,1200.22,912.64,905.15,810.60,769.72,714.15,669.82,645.52,618.16;
1902.74,1677.97,2012.89,2181.58,2374.37,2380.22,2332.87,2415.70,2509.59,2492.48;
1998.85,1854.48,2061.95,2141.60,2397.75,2453.94,2612.81,2571.93,2716.43,2735.04;
1582.30,1417.90,1649.11,1758.74,1903.93,1996.57,2070.54,2034.37,2094.34,2185.11;
1624.42,1428.98,1636.42,1891.62,1903.55,1880.17,2000.00,2090.75,2269.71,2451.92;
915.15,840.76,938.76,1071.53,1077.49,1144.30,1161.60,1180.29,1271.40,1327.62;
1294.23,1182.14,1350.19,1499.49,1546.69,1580.98,1667.31,1705.62,1891.96,2122.80;
1142.42,1037.71,1204.88,1333.31,1369.78,1448.77,1509.06,1567.40,1700.62,1831.89;
1572.88,1404.92,1587.66,1820.86,1925.13,1918.80,1997.70,2188.44,2358.04,2739.76;
983.33,923.35,1008.33,1097.96,1179.68,1223.39,1253.41,1299.02,1402.27,1530.63;
1368.96,1196.82,1304.10,1436.34,1504.68,1546.15,1545.14,1650.21,1791.99,1854.57;
1582.30,1481.87,1554.51,1694.58,1794.48,1900.18,1935.36,1967.22,2012.56,2129.36;
2351.21,2029.15,2332.99,2761.95,2733.37,2863.12,2787.91,2854.50,2959.46,2986.88;
1933.92,1684.02,1905.54,2099.63,2276.18,2296.78,2338.26,2390.77,2549.05,2446.29;
1944.18,1787.81,1824.28,2141.60,2050.57,2276.96,2448.21,2595.84,2703.43,2988.93;
983.33,946.17,1005.06,1134.51,1150.04,1202.38,1267.75,1264.69,1387.21,1488.92;
1826.34,1695.66,1869.51,2071.59,2324.51,2446.79,2534.22,2771.91,3008.53,3359.16;
1691.87,1574.99,1676.22,2044.49,2119.96,2304.23,2346.35,2532.23,2729.10,2948.58;
1919.82,1800.61,1959.80,2269.48,2467.95,2604.32,2850.14,3116.77,3323.20,4029.94;
931.35,864.10,970.35,1042.51,1104.28,1120.46,1156.55,1212.14,1297.86,1401.31;
1477.92,1330.63,1392.82,1601.08,1639.87,1723.78,1826.57,1893.86,2137.66,2238.10;
1596.21,1446.21,1447.97,1607.52,1785.64,1924.93,2054.83,2119.67,2289.01,2505.91;
1898.94,1670.60,1789.32,2072.69,2266.41,2434.87,2614.25,2762.83,3071.92,3449.92;
1331.04,1258.69,1265.28,1351.31,1450.41,1496.70,1593.13,1590.22,1776.89,2038.52;
784.56,942.71,866.27,1304.27,1766.35,2090.54,2760.46,3546.04,3763.56,2950.54;
7.0
908.88,850.67,897.67,988.25,1051.75,1110.71,1162.83,1184.63,1243.96,1307.09;
1352.71,1244.97,1307.18,1526.39,1520.47,1548.99,1583.33,1586.89,1649.86,1756.60;
881.58,810.70,883.20,1018.78,1008.16,1063.92,1069.79,1088.00,1158.39,1194.13;
1004.15,1369.44,1663.70,2190.74,1558.23,1322.43,1162.35,1019.69,955.23,883.89;
880.45,816.94,859.73,1002.49,1008.16,1059.19,1105.80,1143.94,1182.33,1272.14;
1558.83,1480.56,1576.55,1690.03,1782.33,1861.36,1899.06,1966.18,2083.62,2341.64;
1269.81,1180.48,1285.99,1454.01,1448.12,1469.19,1545.31,1520.32,1658.37,1823.31;
810.41,5765.69,9547.79,2520.74,2083.99,1888.24,1583.33,1312.31,1221.28,1094.95;
1423.23,1329.27,1414.93,1588.01,1716.70,1793.48,1841.33,1896.28,1932.21,2127.71;
1307.50,1221.26,1327.18,1553.92,1500.12,1592.53,1672.33,1793.02,1869.59,2101.68;
933.55,871.61,960.66,1048.37,1103.89,1105.02,1135.77,1162.34,1226.95,1318.90;
776.34,2688.87,4982.99,2918.81,3035.73,2916.13,2510.84,2019.86,1719.79,1467.83;
1339.99,1213.48,1342.47,1472.07,1603.74,1677.90,1722.54,1804.54,1860.55,1955.20;
1308.63,1233.66,1331.67,1569.88,1534.18,1599.52,1679.15,1748.88,1947.66,2011.35;
915.47,889.67,946.59,1061.56,1073.33,1113.43,1166.19,1182.21,1283.31,1368.70;
562.59,1092.16,897.67,821.65,804.00,751.82,703.74,658.10,641.14,621.35;
1528.34,1348.22,1578.18,1720.91,1879.00,1899.25,1868.59,1944.63,2008.45,2089.14;
1527.48,1371.98,1615.09,1718.93,1769.52,1838.11,1960.08,1986.44,2109.46,2266.13;
1255.81,1177.15,1311.49,1532.85,1520.98,1601.59,1625.78,1647.11,1761.17,1796.29;
1549.14,1395.89,1539.91,1655.30,1713.99,1802.11,1896.48,1883.11,2104.33,2396.46;
862.26,797.06,883.44,973.01,1007.47,1041.24,1086.65,1118.55,1172.72,1264.01;
1015.36,953.70,1053.29,1168.20,1186.02,1235.78,1247.49,1318.81,1413.13,1548.17;
870.00,830.35,891.69,993.67,1010.97,1044.53,1071.83,1141.07,1182.55,1291.16;
1250.58,1177.70,1270.55,1439.85,1481.68,1495.46,1572.00,1604.90,1783.42,1952.15;
919.17,861.77,943.67,1066.04,1073.89,1124.83,1154.78,1192.76,1293.94,1398.30;
1242.69,1176.10,1230.08,1329.74,1363.10,1411.18,1441.43,1540.08,1635.19,1728.25;
1234.14,1104.95,1194.97,1309.81,1352.85,1424.30,1501.09,1542.45,1596.99,1671.72;
1834.80,1649.93,1738.96,1810.31,1909.96,2066.85,2042.77,2135.92,2410.09,2687.33;
1640.17,1503.62,1562.35,1834.10,1832.93,1947.28,1967.16,2046.92,2132.74,2249.07;
1778.98,1561.52,1707.06,1901.28,1959.21,1997.58,2115.54,2199.80,2471.37,2745.21;
880.09,828.16,895.95,998.59,1043.34,1043.53,1096.77,1151.84,1230.18,1297.61;
1498.92,1373.01,1456.20,1646.38,1719.38,1788.67,1870.53,1952.73,2235.07,2422.20;
1294.67,1234.88,1325.54,1590.29,1609.39,1721.25,1808.54,1828.31,2006.41,2218.21;
1617.64,1487.00,1613.26,1952.34,1838.25,1975.62,2097.06,2213.32,2480.90,2835.50;
873.86,804.61,899.10,1030.62,1026.12,1040.67,1062.21,1103.15,1176.05,1280.51;
1329.05,1182.50,1245.36,1330.99,1431.08,1485.00,1548.00,1656.31,1748.55,1903.10;
1235.95,1134.82,1188.23,1300.96,1448.42,1541.68,1635.45,1699.36,1808.66,1978.21;
1592.47,1455.24,1486.41,1712.09,1720.11,1785.02,1881.57,2033.90,2169.59,2459.75;
1027.71,978.16,979.12,1107.15,1143.02,1174.72,1254.26,1275.05,1366.81,1463.91;
787.06,982.28,893.46,1352.38,1840.99,2133.29,2910.95,3868.12,3706.37,3075.11;
9.0
820.36,772.23,806.33,911.71,919.57,946.06,980.82,1030.20,1085.62,1153.16;
994.18,950.29,981.64,1137.74,1160.29,1194.00,1213.43,1258.10,1284.14,1360.73;
668.04,626.04,663.77,742.11,756.28,772.56,789.52,811.08,844.89,895.78;
1019.38,4056.25,1814.18,4665.85,2764.46,2284.97,1932.76,1599.84,1409.29,1226.39;
791.30,730.34,773.63,853.16,864.98,897.89,944.26,971.78,1046.95,1113.26;
1362.92,1276.14,1375.66,1592.82,1579.03,1592.53,1633.09,1674.50,1845.20,2000.62;
965.17,874.90,966.39,1065.85,1110.21,1138.41,1167.95,1195.87,1287.94,1363.85;
843.91,4086.73,26656.17,2674.47,2469.43,2146.61,1864.20,1548.37,1342.39,1201.32;
1153.51,1103.85,1166.42,1266.30,1380.86,1428.19,1517.76,1535.14,1649.39,1709.94;
1083.04,1011.02,1116.30,1237.83,1272.38,1312.60,1362.47,1407.47,1571.33,1685.87;
840.57,765.30,833.32,938.98,937.68,974.43,980.85,1011.45,1054.68,1120.52;
801.52,1665.74,3607.37,2635.85,3237.55,4324.39,3208.31,2496.15,1938.97,1658.97;
1064.74,985.16,1072.19,1177.28,1251.58,1311.89,1375.62,1405.36,1492.08,1579.31;
1042.60,987.95,1060.27,1197.87,1216.76,1220.99,1278.36,1346.40,1425.38,1531.74;
809.61,741.83,802.45,892.57,928.07,945.75,978.03,1017.13,1095.53,1189.47;
606.98,1243.31,941.11,841.36,816.87,774.95,722.92,665.87,656.13,630.64;
1221.54,1152.34,1270.21,1442.07,1425.21,1481.21,1521.45,1573.08,1604.25,1707.64;
1164.78,1123.88,1257.06,1389.21,1345.80,1378.35,1393.91,1473.69,1567.46,1669.18;
973.81,910.91,1015.83,1124.93,1114.61,1166.53,1192.30,1251.99,1356.71,1420.04;
1352.71,1251.28,1351.52,1532.06,1490.03,1552.72,1633.09,1731.44,1863.64,1966.58;
773.11,724.20,797.44,851.98,867.05,888.01,913.86,964.52,1005.06,1099.46;
771.50,714.54,791.58,899.65,912.32,931.78,964.34,970.73,1036.65,1127.55;
670.75,642.37,680.51,740.61,756.46,768.01,797.69,820.91,864.27,935.20;
980.61,919.22,1012.38,1130.56,1143.68,1149.86,1155.43,1221.96,1323.94,1420.06;
831.85,782.07,837.84,920.53,927.90,950.41,993.61,1018.16,1093.30,1172.27;
1091.23,1000.94,1095.90,1184.40,1211.11,1251.58,1235.73,1243.26,1308.11,1356.90;
977.15,909.77,968.02,1078.53,1054.81,1109.68,1126.40,1184.63,1236.38,1338.55;
1464.72,1336.59,1373.24,1591.75,1609.84,1640.99,1723.96,1727.80,1903.27,2079.80;
1270.43,1171.05,1264.15,1432.99,1487.57,1547.48,1591.21,1624.64,1831.34,1920.73;
1518.15,1447.08,1500.14,1596.48,1633.38,1696.19,1773.42,1887.20,2092.74,2315.28;
768.42,717.20,766.32,847.42,878.61,912.21,943.15,972.27,1037.89,1118.64;
1215.03,1064.87,1193.65,1367.35,1374.90,1426.59,1483.02,1552.21,1657.54,1831.68;
1071.64,1002.06,1066.25,1186.40,1300.67,1312.60,1395.08,1434.73,1598.27,1677.97;
1301.64,1190.33,1294.85,1473.20,1506.40,1523.62,1597.88,1699.76,1829.85,2109.00;
788.81,749.31,789.34,891.01,883.29,912.03,927.87,945.09,1006.28,1095.80;
1096.48,1027.14,1059.02,1137.73,1225.21,1249.94,1309.70,1321.51,1423.97,1569.76;
1007.35,910.05,960.47,1042.69,1146.91,1198.39,1267.95,1271.10,1404.27,1500.82;
1223.19,1154.84,1157.18,1323.54,1368.06,1385.46,1437.41,1470.93,1631.81,1751.59;
810.88,744.15,777.30,867.12,891.77,915.62,924.47,967.45,1022.20,1081.46;
691.45,698.92,737.62,1004.29,1256.44,1460.05,1742.07,2019.63,2519.70,2469.57;
10.0
706.91,676.72,695.37,758.57,793.31,804.51,829.82,846.30,905.37,956.25;
829.94,784.38,814.09,895.19,949.61,965.78,974.93,999.66,1041.36,1088.96;
557.21,529.17,545.37,595.66,608.15,626.74,645.17,657.92,692.92,724.17;
1228.20,1221.79,1493.81,16091.77,3391.46,2605.75,2177.32,1781.21,1466.56,1319.27;
654.24,604.99,643.24,711.20,731.38,753.23,772.72,809.50,850.49,908.59;
1153.51,1103.24,1164.77,1309.23,1345.21,1374.17,1403.87,1473.17,1527.69,1632.46;
807.53,739.73,807.44,881.23,903.86,919.84,934.08,944.54,995.14,1068.44;
933.74,1735.89,3770.27,4893.87,3373.42,2949.75,2463.80,1914.44,1660.72,1417.53;
921.49,867.64,907.46,998.15,1080.82,1117.63,1173.17,1187.35,1276.84,1376.12;
897.13,838.79,884.79,987.16,1029.15,1062.94,1117.51,1134.56,1197.34,1301.40;
697.24,668.26,710.65,781.65,781.99,802.44,820.64,844.33,880.38,927.60;
814.42,1510.47,3393.22,3053.09,3358.04,3266.96,3034.89,2331.49,1889.19,1621.64;
861.27,794.98,856.79,954.41,974.30,1004.34,1053.19,1075.68,1131.70,1235.72;
809.04,765.80,813.26,891.69,941.06,958.11,1005.65,1014.03,1077.00,1140.65;
697.03,657.59,685.14,756.46,767.54,801.33,824.17,850.57,912.12,989.82;
586.64,1311.13,1006.03,882.53,869.38,801.80,755.47,696.62,685.64,659.70;
940.07,865.59,961.43,1078.53,1108.65,1143.98,1203.26,1222.22,1288.61,1392.95;
922.22,861.17,947.56,1021.03,1047.47,1090.41,1102.71,1146.15,1200.13,1265.18;
797.43,734.53,809.23,866.31,899.73,944.53,960.11,973.61,1050.38,1138.80;
1147.19,1088.37,1183.57,1248.76,1319.27,1340.67,1389.08,1454.04,1573.06,1682.01;
636.68,591.52,641.55,699.71,714.58,731.55,753.36,763.13,827.89,876.43;
626.02,602.18,634.38,671.71,690.06,701.42,716.33,731.58,777.38,831.18;
547.17,513.49,555.74,602.77,608.75,616.60,631.60,640.90,684.65,730.94;
788.41,750.97,816.19,886.48,904.07,908.42,944.54,964.33,1030.21,1092.68;
702.49,656.49,712.43,771.84,791.69,814.85,837.45,864.86,919.51,983.79;
892.64,821.41,881.69,940.84,994.78,1008.53,1047.66,1081.45,1120.50,1189.42;
791.90,729.11,781.49,849.90,863.03,903.03,919.96,954.54,1010.12,1093.58;
1170.76,1047.79,1132.19,1215.99,1270.17,1308.79,1338.74,1381.20,1520.02,1631.76;
1016.32,936.36,998.13,1137.74,1144.69,1221.52,1280.57,1285.56,1394.27,1500.65;
1215.60,1140.21,1178.73,1269.89,1367.78,1393.79,1434.61,1499.02,1567.66,1736.89;
653.10,616.69,651.08,704.50,729.39,742.13,763.12,792.56,838.16,890.07;
971.09,922.43,973.21,1114.08,1118.32,1136.28,1150.15,1221.82,1254.55,1390.30;
859.60,812.21,854.27,966.87,972.32,1024.67,1052.70,1076.17,1179.46,1258.90;
983.68,904.74,990.39,1087.12,1147.53,1211.55,1229.72,1248.39,1368.08,1523.20;
637.14,591.25,634.42,698.99,721.35,739.92,754.94,775.21,823.69,872.44;
923.20,850.51,892.97,992.86,1000.15,1032.01,1061.80,1076.39,1140.18,1240.38;
829.94,767.36,798.20,853.71,896.38,927.78,960.90,1000.61,1089.11,1151.96;
929.38,858.36,915.31,1015.56,1043.61,1086.64,1111.98,1128.95,1217.79,1327.62;
627.59,587.45,606.98,665.35,689.11,703.98,725.39,740.34,792.45,836.38;
621.05,654.69,651.30,838.69,988.35,1133.96,1286.04,1505.32,1819.84,1895.86;



