Calibrazione 0412, baseline pieno, phantom 4, buco in alto 6cm (el 1)
60khz, 16 acquisizioni (15 frame)
Inserimento 1: dentro (7) e fuori (14)
14:41:57.978 -> 0:  571.20,598.83,718.76,610.94,354.30,855.16,1958.68,2047.08,1530.27,829.04,1465.07,2416.04,1986.18,1173.14,584.10,1061.60,1379.51,920.40,633.55,867.11,966.43,959.63,719.19,2262.44,1570.92,683.86,594.88,2182.65,2298.16,1066.51,345.69,1589.68,2311.84,1472.22,974.79,756.25,1068.41,842.47,884.99,649.79;
14:41:59.852 -> 1:  577.87,605.20,717.07,621.44,358.87,849.93,1958.68,2086.98,1571.63,924.66,1393.92,2421.18,2134.60,1366.80,592.82,1031.63,1375.37,1097.39,645.28,820.98,949.67,1122.97,745.98,1997.47,1457.29,787.32,668.04,2086.98,2214.67,1042.49,407.79,1842.95,2548.10,1588.22,941.54,967.65,1463.44,1119.78,1114.60,733.29;
14:42:01.727 -> 2:  571.39,662.67,865.95,816.17,467.17,795.82,1898.53,2095.53,1845.40,1109.96,1324.55,2311.20,2363.93,1725.49,581.72,976.96,1433.37,1276.64,703.73,788.29,904.62,1270.15,908.25,2058.08,1447.11,825.17,835.82,2291.88,2264.55,976.50,476.21,2343.61,2761.21,1583.14,917.88,1040.64,1591.04,1206.47,1220.10,756.21;
14:42:03.648 -> 3:  595.85,722.45,987.79,934.40,519.57,773.40,1898.53,2248.14,2029.92,1317.60,1292.66,2364.96,2332.65,1945.74,599.81,943.19,1487.12,1443.27,756.57,779.38,895.25,1371.00,1020.38,2035.81,1396.88,840.15,918.85,2433.82,2138.40,949.24,513.95,2531.09,2941.47,1610.96,914.09,1140.62,1731.52,1312.93,1245.50,773.29;
14:42:05.553 -> 4:  593.52,722.45,1006.99,971.20,548.20,777.72,1900.49,2247.26,2050.20,1367.07,1297.00,2252.88,2482.02,2047.08,600.67,947.14,1485.41,1457.61,760.70,770.83,904.62,1467.61,1013.09,2047.08,1374.29,866.57,949.78,2409.47,2165.31,955.44,536.61,2636.27,2919.90,1636.76,899.04,1206.88,1720.97,1359.17,1296.49,801.59;
14:42:07.442 -> 5:  595.14,724.02,1003.09,989.75,591.73,764.89,1875.50,2247.26,2139.67,1368.33,1257.82,2252.88,2542.96,2159.27,611.63,930.63,1436.83,1524.71,767.41,783.89,882.82,1520.68,1049.62,2047.08,1374.29,877.88,982.82,2347.97,2154.32,942.80,555.28,2576.50,2928.34,1634.26,904.62,1207.20,1781.18,1429.49,1297.57,814.13;
14:42:09.358 -> 6:  595.85,727.78,1021.54,1019.74,591.89,768.82,1856.76,2264.55,2050.20,1406.97,1279.24,2210.45,2501.71,2116.64,606.77,943.96,1496.78,1517.76,773.10,775.13,898.62,1517.85,1020.10,1981.92,1374.29,883.30,976.89,2394.71,2138.40,949.24,555.86,2580.96,2880.62,1674.47,915.98,1231.15,1720.97,1377.54,1336.85,812.08;
14:42:11.232 -> 7:  580.72,722.45,1010.72,1001.83,591.73,768.82,1875.50,2196.83,2139.67,1425.56,1289.92,2228.34,2629.16,2047.08,608.96,939.62,1515.59,1559.76,776.36,775.13,884.34,1517.85,1054.71,1997.47,1321.48,888.96,1004.77,2464.34,2165.31,935.76,566.19,2595.82,2990.94,1691.93,902.80,1235.98,1801.33,1421.37,1347.65,829.12;
14:42:13.146 -> 8:  596.46,740.95,1051.94,1057.40,599.21,772.43,1833.12,2248.14,2165.31,1438.99,1279.24,2311.20,2627.74,2165.31,614.09,913.75,1436.83,1566.01,799.02,770.82,875.69,1551.26,1083.28,2058.08,1364.95,889.25,1034.72,2490.40,2199.87,961.66,572.56,2812.35,3071.20,1661.22,899.07,1235.98,1825.01,1456.00,1340.96,811.84;
14:42:15.068 -> 9:  590.79,739.68,1053.25,1038.04,599.70,763.59,1919.68,2264.55,2182.65,1379.17,1266.39,2400.44,2629.16,2075.51,610.31,943.96,1467.03,1512.08,775.96,775.12,886.34,1476.97,1039.62,2035.81,1371.87,866.76,983.64,2433.82,2178.35,955.78,547.77,2642.96,2990.94,1618.95,899.07,1192.39,1761.40,1372.74,1313.87,805.24;
14:42:16.942 -> 10:  588.70,706.20,958.14,956.62,568.17,768.51,1827.38,2051.77,2011.91,1353.79,1292.66,2210.45,2482.02,2012.33,591.56,963.49,1491.15,1461.73,710.40,775.12,895.43,1440.23,935.42,1940.21,1387.49,872.20,883.73,2261.54,2196.83,976.23,528.56,2550.25,2941.47,1672.28,910.26,1165.83,1704.27,1297.40,1290.20,795.45;
14:42:18.863 -> 11:  586.40,681.67,922.27,897.72,548.20,772.77,1816.08,2063.76,1957.51,1328.00,1324.55,2278.25,2462.01,2002.46,594.91,970.96,1467.03,1492.35,706.98,775.08,904.62,1429.19,888.18,1886.74,1387.49,866.76,840.84,2273.35,2223.76,975.92,507.84,2358.80,2740.13,1661.22,933.33,1107.34,1624.27,1282.02,1253.45,779.05;
14:42:20.738 -> 12:  586.40,672.23,885.40,844.82,504.38,777.09,1781.62,2098.17,1887.78,1258.81,1315.47,2259.74,2312.16,1866.65,596.98,985.42,1442.17,1378.01,703.86,788.33,902.80,1344.99,873.97,1949.38,1396.88,815.27,811.27,2204.59,2178.35,990.43,476.47,2249.32,2659.41,1588.22,931.54,1088.44,1599.05,1235.98,1211.33,759.97;
14:42:22.659 -> 13:  581.50,666.86,866.50,822.38,486.83,791.29,1863.28,2116.64,1845.40,1247.51,1324.55,2298.16,2312.16,1796.04,591.56,991.65,1447.42,1339.52,700.43,792.80,908.18,1324.73,872.29,1960.44,1404.88,814.76,806.01,2181.58,2210.45,989.02,473.08,2161.37,2644.39,1553.98,919.84,1065.10,1574.86,1175.12,1185.89,752.47;
14:42:24.534 -> 14:  583.57,669.73,849.05,789.93,464.03,800.40,1887.78,2075.51,1791.09,1101.04,1334.12,2272.43,2229.20,1578.12,584.96,1005.93,1428.28,1183.08,686.46,811.17,906.41,1150.30,823.08,2151.99,1461.73,747.54,721.47,2319.90,2231.80,1034.72,404.69,1890.94,2369.79,1523.15,977.08,765.31,1078.13,857.68,899.13,652.26;
14:42:26.455 -> 15:  575.71,613.73,732.08,615.63,352.39,850.96,1957.51,1992.32,1504.41,827.93,1461.49,2526.47,2051.77,1151.57,581.89,1066.35,1375.10,927.68,630.67,866.91,961.87,950.91,711.01,2231.51,1555.74,683.53,591.82,2238.47,2331.67,1074.41,343.10,1618.95,2251.99,1477.31,976.50,755.48,1092.38,858.36,890.20,652.58;

inserimento 2 dentro(1)-fuori(10)-dentro(15)
0:  582.94,927.11,1307.70,1720.96,732.53,956.98,2081.70,2597.28,1874.26,1098.72,1326.73,3006.21,2193.55,1434.11,620.47,1317.00,1344.96,1225.97,923.17,940.29,689.01,1135.70,1394.74,2540.79,1491.83,952.32,1576.56,3102.51,2635.46,1286.47,723.20,2315.82,2301.35,1415.82,699.33,1062.83,1425.02,1188.36,1036.07,904.75;
1:  571.33,885.56,1286.89,1768.44,724.98,964.85,2053.33,2559.90,1874.26,1082.17,1354.35,3136.73,2056.52,1407.48,617.37,1305.24,1328.05,1224.93,908.86,939.28,686.33,1117.04,1374.26,2638.15,1443.01,945.95,1597.12,2891.33,2570.65,1298.64,720.68,2372.62,2393.51,1414.36,693.66,1050.54,1425.02,1188.36,1045.13,901.36;
2:  583.04,902.31,1310.06,1740.40,735.99,971.21,2053.33,2736.52,1818.61,1081.42,1362.96,2900.85,2158.22,1439.34,622.57,1316.55,1334.35,1247.28,903.25,936.05,680.44,1111.92,1364.51,2380.84,1430.65,945.84,1562.16,2877.22,2508.85,1275.45,710.48,2213.47,2412.55,1398.01,691.00,1088.43,1429.08,1187.13,1047.97,887.41;
3:  585.43,891.08,1328.97,1751.88,717.40,951.58,2100.51,2568.99,1814.06,1115.98,1336.04,3059.52,2113.12,1452.82,629.83,1291.09,1339.09,1270.40,937.35,946.88,681.94,1155.90,1377.58,2380.51,1422.75,958.71,1607.91,3078.64,2495.42,1252.88,712.15,2199.78,2274.64,1379.06,687.80,1095.81,1406.93,1166.29,1025.61,885.75;
4:  600.21,937.35,1343.82,1653.25,710.38,957.95,2062.51,2635.46,1785.49,1020.33,1328.05,2985.13,2068.34,1353.08,638.12,1310.06,1296.66,1163.27,911.43,946.28,677.26,1061.80,1361.28,2506.15,1435.63,927.29,1556.40,2975.41,2593.85,1310.33,691.27,2166.89,2280.14,1350.53,685.07,976.46,1309.23,1092.72,987.62,861.86;
5:  592.74,913.44,1279.90,1668.51,696.53,984.03,2100.51,2597.28,1828.86,991.92,1337.62,3047.66,2035.53,1315.88,631.25,1310.06,1273.78,1136.67,890.99,955.83,666.84,1045.60,1351.68,2420.85,1467.70,921.14,1520.63,2822.78,2486.33,1298.64,669.98,2080.59,2185.06,1326.33,682.22,942.73,1265.35,1080.68,985.71,884.00;
6:  602.72,903.47,1240.86,1584.78,658.27,971.21,2034.09,2665.10,1645.11,965.18,1367.26,3047.66,1871.69,1245.01,641.60,1338.74,1285.12,1093.40,895.11,949.70,676.72,1039.36,1264.16,2504.61,1478.35,927.29,1433.67,2767.67,2449.86,1322.69,642.97,1942.33,2144.55,1334.99,690.46,917.07,1220.45,1059.31,981.10,892.64;
7:  600.19,913.44,1226.20,1601.53,655.22,977.60,2091.27,2625.64,1624.56,939.72,1367.26,2913.50,1878.15,1209.69,631.25,1300.58,1250.10,1048.87,879.05,968.73,674.42,1013.76,1240.91,2418.07,1463.31,927.29,1385.59,2829.97,2414.27,1322.46,605.68,1869.76,2056.52,1319.75,700.17,870.97,1147.81,1015.40,946.86,870.31;
8:  605.29,908.04,1182.16,1525.57,610.45,984.80,2061.65,2601.15,1549.43,880.72,1393.81,2877.22,1849.59,1151.68,643.69,1324.28,1251.68,1029.09,872.57,955.83,679.89,1029.86,1233.07,2420.85,1474.57,939.79,1372.42,2748.65,2428.18,1298.59,593.56,1758.10,2073.78,1282.32,693.67,826.68,1112.16,1020.75,998.00,945.01;
9:  621.08,891.70,1123.94,1412.42,551.28,1012.49,2071.82,2531.20,1419.66,804.18,1380.41,2996.28,1641.96,1015.07,659.56,1366.19,1179.98,907.52,866.16,1024.29,701.86,903.28,1082.05,2505.76,1496.99,875.58,1105.24,2570.65,2449.86,1372.99,416.81,1288.56,1705.81,1290.14,757.94,641.16,864.48,820.32,829.94,842.69;
10:  652.04,839.93,993.50,1121.06,414.78,1065.93,1964.06,2331.49,1158.29,652.88,1450.13,2877.22,1487.94,873.22,690.42,1361.47,1188.36,818.97,836.53,1047.29,742.64,878.35,1008.84,2415.65,1562.16,898.27,1034.71,2571.90,2475.85,1360.48,405.27,1260.57,1658.70,1276.06,764.34,641.49,864.87,823.75,825.34,841.04;
11:  640.27,830.02,971.08,1105.15,414.44,1050.37,1897.43,2233.67,1130.85,655.86,1422.75,2811.82,1442.27,889.26,691.27,1368.38,1189.72,867.04,862.33,1007.69,690.16,939.38,1121.06,2461.48,1498.39,945.84,1196.21,2695.29,2471.40,1334.82,514.07,1587.42,1875.72,1265.35,703.62,732.34,981.10,939.30,931.77,907.06;
12:  602.66,859.28,1164.78,1406.93,564.52,1019.94,2067.91,2561.95,1533.19,813.69,1393.81,3047.66,1720.59,1069.99,629.83,1314.49,1233.07,1010.11,852.33,1001.63,674.11,1060.28,1196.75,2459.65,1464.92,998.93,1348.55,2877.22,2486.33,1322.63,592.53,1840.36,2117.29,1347.11,691.68,814.64,1098.85,1008.39,999.83,925.65;
13:  575.99,848.80,1182.16,1552.26,629.20,1012.72,2040.51,2497.32,1658.59,892.19,1365.94,3112.81,1903.15,1191.00,616.69,1293.04,1242.37,1074.34,868.65,988.21,668.89,1068.97,1261.01,2549.28,1452.82,965.21,1470.19,2877.22,2553.34,1286.89,649.56,2091.27,2233.67,1356.55,692.83,881.71,1180.22,1080.40,1033.30,947.03;
14:  578.34,869.42,1266.55,1642.39,667.50,1005.76,2120.79,2724.55,1741.95,939.72,1393.81,2959.40,1953.92,1275.35,615.32,1304.69,1251.68,1117.04,890.99,982.93,666.84,1084.29,1325.31,2505.76,1421.42,958.53,1526.87,2867.35,2575.24,1310.50,692.68,2214.27,2268.61,1385.66,682.35,954.35,1293.68,1123.73,1051.74,921.71;
15:  576.01,901.93,1312.32,1701.93,728.59,991.80,2089.92,2736.52,1851.30,1013.10,1353.08,3083.66,1971.90,1340.45,618.59,1321.95,1322.12,1153.94,915.84,955.83,680.97,1020.96,1380.41,2641.31,1481.53,897.56,1570.54,2822.78,2463.67,1286.89,732.07,2235.31,2364.48,1485.93,716.95,971.86,1300.04,1093.68,971.86,856.62;


inserimento 3: fuori(1) dentro(10) fuori(15) dal basso
0:  640.35,825.38,980.62,1097.88,410.52,1065.78,2043.02,2172.14,1130.18,657.30,1432.45,2676.77,1488.03,886.65,701.99,1379.18,1189.72,818.17,837.78,1039.96,758.85,883.73,1010.18,2504.61,1579.35,908.97,1050.34,2624.76,2571.90,1414.29,403.61,1264.76,1666.35,1332.26,779.86,647.95,869.86,810.23,851.13,842.57;
1:  637.67,844.07,980.62,1106.30,413.25,1074.03,2088.14,2249.40,1130.18,666.78,1408.78,2605.91,1472.61,899.43,706.21,1376.81,1208.26,825.89,841.39,1022.42,756.07,892.73,990.75,2412.55,1539.68,909.21,1035.04,2624.76,2590.01,1414.29,405.49,1286.11,1698.20,1332.26,787.36,652.22,868.65,799.55,832.98,854.52;
2:  634.67,815.96,989.14,1095.55,412.88,1082.17,1938.75,2249.40,1130.18,664.03,1452.82,2676.77,1488.03,886.65,700.23,1394.74,1200.93,821.20,847.41,1031.44,753.62,907.52,1010.18,2418.07,1523.40,897.30,1042.59,2530.01,2618.14,1386.64,432.16,1433.89,1858.97,1410.98,747.41,699.01,930.17,869.20,893.50,886.86;
3:  623.78,844.32,1062.12,1231.97,491.74,1035.12,2100.51,2349.40,1422.12,732.46,1451.55,2831.64,1680.13,1004.05,655.13,1308.41,1189.72,989.32,890.99,998.27,669.92,1042.26,1202.17,2595.57,1478.35,985.08,1334.35,2813.46,2661.86,1359.49,556.94,1372.74,1836.25,1236.58,667.75,782.38,1075.89,1012.72,993.05,948.01;
4:  620.94,918.87,1188.24,1495.67,577.77,1058.12,2191.23,2487.46,1566.01,829.13,1382.73,2751.20,1830.06,1123.55,654.36,1294.90,1200.93,1029.09,886.86,991.32,676.17,1085.13,1265.60,2550.49,1451.55,985.15,1366.19,2960.04,2801.53,1335.05,587.86,1906.03,2062.51,1372.99,710.27,840.69,1152.32,1076.50,1012.84,946.78;
5:  600.19,891.08,1228.32,1546.88,605.21,1035.15,2225.26,2452.39,1596.12,891.70,1393.81,2857.01,1851.30,1182.40,645.78,1286.73,1221.30,1085.13,910.32,979.95,661.78,1076.99,1288.25,2550.49,1451.55,991.92,1431.01,2877.22,2706.88,1322.69,625.24,1860.23,2038.85,1326.28,685.50,889.18,1230.51,1128.31,1019.71,950.54;
6:  607.87,932.39,1286.89,1629.52,643.37,1012.72,2192.77,2478.83,1663.64,939.72,1356.55,2790.28,1898.61,1289.67,644.41,1261.01,1200.93,1139.16,922.92,963.95,671.99,1110.31,1341.69,2418.07,1446.85,998.93,1501.69,3174.45,2801.53,1322.63,668.48,1999.33,2163.41,1331.57,689.56,962.81,1304.80,1148.07,1026.40,938.81;
7:  600.21,925.24,1341.16,1660.94,693.32,992.02,2140.70,2497.32,1783.82,1020.36,1354.35,2817.83,1919.23,1364.51,642.97,1268.49,1224.93,1175.73,928.78,952.99,658.77,1139.85,1390.90,2549.28,1432.45,1013.10,1566.01,2925.69,2705.42,1322.46,706.13,2123.60,2232.04,1379.06,678.36,999.37,1371.98,1234.73,1070.41,956.51;
8:  613.07,963.01,1392.16,1724.10,732.41,971.41,2202.92,2445.55,1843.42,1050.37,1353.08,2844.52,1947.92,1464.92,656.49,1257.48,1254.57,1235.47,959.16,956.15,651.34,1156.77,1452.82,2418.07,1435.63,1013.10,1649.82,2844.52,2777.59,1298.59,741.56,2148.67,2197.44,1348.85,680.05,1030.67,1432.45,1219.34,1065.22,948.88;
9:  615.73,963.01,1363.27,1801.18,743.92,965.18,2225.26,2471.40,1843.42,1066.02,1330.35,2857.01,1945.21,1484.09,660.99,1272.11,1259.24,1261.01,962.03,940.84,671.50,1148.29,1468.87,2596.85,1421.42,998.93,1658.70,2960.04,2616.82,1286.89,736.99,2299.26,2267.18,1405.91,680.87,1064.45,1416.03,1247.85,1077.60,957.03;
10:  605.25,949.79,1374.32,1780.49,743.92,978.22,2148.67,2532.79,1813.47,1058.15,1337.62,2738.03,1979.27,1482.89,658.05,1291.09,1288.25,1238.39,942.07,937.68,670.98,1148.29,1421.42,2496.56,1450.13,985.15,1640.12,3026.38,2639.50,1322.63,729.65,2205.28,2340.55,1369.01,689.56,1075.25,1420.29,1227.05,1062.83,953.01;
11:  615.73,962.05,1398.01,1783.12,751.75,978.06,2180.22,2419.80,1843.42,1098.82,1323.77,2751.20,1952.28,1466.39,658.81,1283.40,1275.35,1261.74,957.09,940.84,651.34,1137.57,1422.75,2500.00,1419.94,1013.10,1612.30,2994.30,2683.38,1310.55,733.30,2191.23,2336.79,1384.75,683.19,1077.60,1406.93,1253.03,1072.97,933.05;
12:  618.38,990.49,1398.01,1760.24,732.33,964.85,2214.27,2425.38,1757.70,1081.92,1315.88,2778.12,1924.10,1484.09,661.76,1268.49,1246.19,1246.19,965.47,943.65,657.24,1166.17,1435.63,2549.28,1418.33,1027.67,1607.91,2975.41,2777.59,1322.63,694.53,2078.39,2162.17,1348.85,671.36,1000.91,1377.00,1209.29,1072.85,977.69;
13:  592.69,926.64,1304.69,1657.92,686.75,1005.99,2269.76,2388.15,1736.15,977.85,1375.98,2831.64,1921.83,1339.09,625.90,1268.49,1235.47,1144.75,882.72,976.46,655.30,1108.43,1266.94,2590.44,1474.57,992.02,1440.88,2942.40,2774.97,1322.69,633.98,1945.21,2098.70,1348.85,686.90,915.46,1223.45,1117.62,1010.38,931.36;
14:  592.69,865.36,1205.16,1563.01,615.59,1020.26,2171.39,2462.57,1578.96,927.11,1395.07,2701.07,1780.63,1223.81,632.52,1304.69,1212.30,1057.57,863.54,960.81,665.80,1069.72,1218.45,2504.61,1464.92,971.57,1383.58,2748.65,2706.88,1347.11,586.04,1810.12,1974.72,1310.06,695.15,877.56,1191.21,1072.49,985.71,927.35;
15:  595.20,864.74,1174.22,1476.22,589.79,1013.12,2151.11,2372.29,1569.69,875.58,1393.81,2787.62,1780.63,1150.45,639.45,1291.09,1200.93,1020.96,868.65,979.95,677.26,1035.66,1156.96,2500.00,1480.02,952.32,1279.49,2728.52,2683.85,1386.83,522.61,1593.83,1842.66,1244.82,691.90,754.04,1005.66,921.69,935.02,931.36;

inserimento 4: fuori(1)-dentro(5)-fuori(10)-dentro(15)
0:  646.38,815.96,982.35,1110.31,416.60,1049.35,2130.44,2257.25,1168.98,668.81,1425.02,2790.28,1503.36,914.66,714.67,1357.59,1211.03,826.60,835.44,1036.76,758.85,898.55,1013.02,2581.96,1546.88,908.70,1057.89,2688.12,2817.83,1398.81,401.66,1249.38,1642.39,1300.58,777.81,671.36,889.18,825.71,855.53,860.09;
1:  655.17,864.48,981.24,1090.62,415.40,1048.08,2023.25,2197.70,1168.40,672.68,1425.94,2886.01,1457.58,903.25,713.92,1334.35,1191.00,861.86,846.23,1010.26,738.85,970.25,1028.31,2404.33,1489.80,971.41,1124.25,2611.13,2688.12,1329.26,444.84,1169.14,1516.43,1223.81,742.67,769.73,1037.85,919.65,937.17,920.01;
2:  632.03,869.73,1129.83,1392.09,552.75,1012.72,2202.92,2437.71,1562.72,805.78,1411.87,3004.88,1849.59,1102.64,641.49,1302.68,1235.47,1004.97,853.50,986.47,697.93,1037.30,1195.20,2739.03,1525.39,978.22,1414.71,3225.02,2851.88,1342.81,588.98,1863.55,2089.70,1348.55,714.67,860.86,1185.45,1037.60,987.62,908.77;
3:  595.08,875.05,1216.91,1540.66,631.86,1005.37,2315.82,2547.25,1697.12,933.58,1398.08,3235.76,2002.27,1231.74,627.87,1293.04,1266.94,1084.29,859.66,970.31,683.65,1100.90,1298.32,2641.31,1446.85,952.00,1472.45,3155.04,2957.50,1319.08,653.70,2181.24,2225.26,1355.57,696.93,943.65,1280.36,1106.80,981.80,914.32;
4:  590.11,887.00,1257.48,1648.62,686.71,984.59,2247.18,2478.83,1771.16,984.96,1365.94,3083.66,2010.18,1313.21,621.88,1288.25,1289.67,1118.03,880.30,973.49,679.33,1059.43,1344.96,2742.56,1509.39,945.95,1553.00,3239.08,3012.89,1332.96,710.35,2244.68,2296.58,1366.19,700.79,1019.01,1343.59,1169.14,1022.42,899.52;
5:  592.49,914.19,1334.06,1716.61,714.24,978.22,2293.03,2618.14,1882.22,1073.94,1368.45,3194.23,2148.67,1421.42,629.25,1308.41,1306.11,1138.40,889.26,960.61,687.97,1028.26,1396.94,2836.66,1474.57,897.30,1593.83,3321.21,3070.10,1355.51,719.99,2399.24,2453.84,1408.30,714.67,1072.13,1388.47,1144.82,985.71,875.21;
6:  592.61,927.11,1338.74,1709.34,725.09,958.38,2304.64,2568.99,1820.97,1098.56,1351.68,3125.45,2086.35,1484.09,629.93,1310.11,1306.11,1229.23,911.43,959.16,683.65,1165.28,1414.71,2683.38,1474.57,998.93,1633.03,3290.23,2826.64,1308.57,727.12,2285.10,2418.07,1399.02,699.33,1058.99,1401.57,1232.34,1084.38,972.83;
7:  590.04,881.52,1296.66,1624.77,686.71,991.92,2189.17,2587.04,1768.44,998.93,1368.45,3067.27,2033.27,1325.31,628.57,1298.32,1255.88,1157.57,872.19,968.73,664.82,1146.66,1313.21,2745.09,1476.53,1035.15,1548.88,3216.01,2955.60,1307.04,685.56,2172.14,2302.84,1366.19,688.69,955.83,1305.95,1167.73,1049.41,985.71;
8:  590.11,860.40,1243.73,1568.37,658.23,984.80,2170.89,2478.83,1701.93,958.71,1396.21,3083.66,1875.56,1317.06,633.96,1289.67,1257.09,1128.63,841.00,973.37,672.47,1111.15,1215.28,2634.11,1487.62,991.92,1446.85,3129.20,2900.85,1328.05,623.93,1833.07,2097.12,1293.04,696.56,904.73,1227.05,1082.05,1016.58,952.89;
9:  592.49,849.92,1171.61,1456.44,604.52,1005.59,2202.92,2476.22,1576.56,909.21,1385.27,3070.10,1804.62,1178.65,647.24,1314.60,1225.97,1054.66,844.78,976.76,681.94,1066.37,1167.73,2590.44,1518.91,998.95,1317.06,3098.86,2924.46,1369.52,537.88,1636.35,1999.33,1326.50,719.70,790.24,1072.13,963.40,936.81,916.07;
10:  626.39,844.90,1084.29,1300.58,499.74,1026.00,2180.22,2359.63,1305.07,722.12,1454.93,2935.56,1569.69,971.95,687.21,1372.42,1225.97,842.44,822.54,1044.26,750.96,905.91,1001.90,2525.26,1573.30,903.83,1049.92,2786.56,2747.12,1408.78,404.16,1242.41,1677.46,1286.89,773.15,670.51,898.84,822.07,857.05,875.21;
11:  670.39,864.48,995.46,1098.95,415.14,1048.56,2126.18,2262.63,1159.51,673.37,1422.75,2801.53,1487.70,941.33,708.73,1351.68,1192.20,863.31,868.65,1027.89,697.93,937.84,1135.85,2693.37,1543.63,951.58,1306.11,3101.05,3012.89,1343.82,569.05,1787.73,2108.74,1353.44,700.79,808.68,1127.92,1015.89,994.88,940.91;
12:  607.60,891.08,1219.92,1536.47,634.58,1012.21,2315.82,2462.57,1692.46,892.38,1395.07,2985.13,1945.21,1202.17,633.96,1296.66,1258.22,1092.53,859.66,996.59,666.84,1099.96,1328.63,2912.89,1493.71,998.93,1498.14,3357.70,2851.88,1307.04,665.34,2108.74,2257.25,1310.06,685.66,928.54,1261.65,1118.86,1019.40,949.01;
13:  592.56,908.70,1342.99,1701.93,690.07,998.86,2281.01,2582.38,1756.64,991.92,1356.55,3132.20,2007.01,1341.69,635.37,1275.35,1194.37,1118.96,914.51,971.86,660.76,1118.03,1414.71,2836.66,1457.58,1013.10,1600.22,3527.44,2826.64,1319.92,730.46,2227.69,2229.59,1322.12,674.65,987.62,1311.38,1112.06,996.91,907.03;
14:  595.13,920.68,1405.91,1743.38,736.33,998.93,2315.82,2512.73,1827.66,1013.10,1382.73,3194.23,2056.52,1341.69,633.25,1313.21,1276.83,1098.95,921.60,976.76,665.32,1005.84,1457.58,2970.26,1505.36,885.89,1617.88,3499.81,2953.07,1343.82,744.48,2330.56,2302.84,1334.35,687.80,1002.86,1296.71,1088.69,932.69,857.05;
15:  597.62,939.07,1414.36,1751.88,740.12,998.86,2338.04,2681.96,1799.03,1050.37,1383.71,3165.87,2064.88,1353.08,646.51,1296.66,1265.60,1102.61,943.41,965.47,664.31,1011.09,1474.57,2787.62,1476.53,908.70,1631.54,3410.88,2983.18,1318.12,743.60,2316.73,2340.55,1357.59,683.74,1015.40,1314.54,1109.74,957.52,866.97;

inserimento 5: progressivo, dal basso verso l'alto, 1 fuori, 15 dentro
0:  667.26,860.30,1011.50,1127.75,410.88,1040.93,2079.93,2180.48,1159.51,686.90,1470.73,3006.21,1503.36,921.44,716.50,1365.94,1212.30,851.69,843.68,1035.12,759.46,924.16,1017.25,2555.39,1605.87,932.95,1065.78,2840.58,3270.34,1456.44,402.76,1221.97,1658.25,1331.57,777.81,684.85,923.46,840.11,878.32,917.78;
1:  696.70,865.36,1003.97,1127.75,416.06,1040.93,2081.70,2201.61,1139.85,686.23,1451.55,2925.08,1519.60,934.30,725.35,1361.28,1216.51,851.69,843.68,1040.60,766.89,923.29,1020.10,2546.84,1556.40,939.62,1050.12,2858.15,3203.05,1427.86,404.03,1234.22,1629.52,1279.90,784.09,683.19,923.17,837.06,885.07,906.63;
2:  707.15,865.19,990.49,1129.44,413.67,1042.01,2091.27,2135.67,1158.29,683.31,1500.70,3006.21,1488.03,939.38,717.40,1359.49,1206.27,860.08,842.03,1020.75,756.07,931.77,996.33,2586.61,1603.14,946.01,1142.80,3064.44,3321.21,1409.94,452.30,1355.57,1806.50,1316.55,754.69,704.46,952.99,889.26,936.39,948.01;
3:  646.32,850.06,1070.41,1257.48,506.52,1005.96,2100.51,2418.07,1470.19,839.37,1438.25,3194.23,1737.43,1113.68,669.16,1334.35,1269.34,981.24,845.86,989.49,715.16,1006.66,1152.32,2678.18,1537.45,952.00,1295.22,3286.74,3113.55,1372.99,533.97,1709.83,2166.89,1392.42,737.56,836.60,1117.62,1034.39,965.47,931.77;
4:  631.93,859.78,1133.56,1350.71,550.50,991.80,2110.81,2362.54,1513.79,854.84,1425.94,3070.10,1873.78,1150.45,656.49,1353.08,1293.31,1025.05,846.92,984.89,718.10,1065.40,1159.82,2734.51,1518.91,971.75,1341.69,3256.71,3388.74,1345.49,564.89,1871.69,2218.81,1368.38,726.74,879.05,1175.61,1082.05,979.95,941.99;
5:  620.88,864.98,1159.70,1436.21,579.62,991.99,2161.18,2462.57,1640.12,898.36,1397.21,3180.74,1893.93,1189.72,653.59,1334.35,1294.32,1061.80,857.92,978.34,716.31,1058.53,1186.92,2729.02,1513.79,952.00,1367.26,3225.02,3203.05,1372.99,580.23,1911.48,2318.56,1402.32,718.28,904.32,1226.38,1106.74,996.13,929.21;
6:  615.04,875.58,1178.65,1464.69,599.57,985.08,2258.66,2452.03,1662.85,927.60,1409.94,3278.94,1977.18,1280.67,645.78,1339.09,1282.73,1063.09,851.86,978.34,706.38,1049.86,1203.49,2847.91,1482.81,945.95,1418.33,3357.70,3388.74,1385.27,608.45,2024.06,2222.29,1353.44,727.75,940.70,1247.85,1115.30,1004.77,926.88;
7:  610.20,864.74,1206.75,1489.89,614.77,978.06,2161.18,2512.34,1727.12,946.01,1409.94,3235.76,1996.01,1279.49,640.18,1346.81,1331.33,1071.04,848.95,988.00,712.23,1058.53,1250.10,2774.97,1492.57,933.16,1446.85,3259.25,3418.69,1344.72,622.57,2078.39,2427.13,1411.53,730.31,950.86,1258.51,1127.01,991.54,934.88;
8:  612.28,875.79,1242.37,1494.20,628.56,984.59,2247.18,2625.64,1712.17,978.06,1410.98,3125.45,2086.35,1302.68,642.23,1301.33,1306.11,1113.85,869.20,976.28,700.16,1066.37,1270.35,2847.91,1535.05,926.64,1487.62,3509.30,3286.74,1333.60,643.52,2148.43,2494.28,1425.30,729.28,988.00,1296.07,1150.45,996.23,924.62;
9:  610.20,875.33,1218.45,1551.90,646.06,971.75,2129.96,2540.79,1736.15,991.92,1422.75,3278.94,1988.26,1313.21,638.72,1322.12,1343.82,1112.63,869.20,966.95,710.45,1080.31,1298.32,2781.80,1521.24,927.11,1518.91,3357.70,3286.74,1385.27,655.69,2222.02,2493.90,1399.02,721.61,1004.47,1331.57,1177.25,1008.39,924.62;
10:  599.78,881.19,1246.66,1584.78,652.04,971.68,2148.67,2484.83,1750.43,998.56,1410.98,3165.87,2027.52,1380.41,635.97,1320.37,1344.72,1140.47,869.20,968.39,704.72,1044.04,1313.21,2829.41,1467.78,921.14,1518.91,3509.30,3315.83,1359.93,672.20,2239.43,2475.48,1405.50,740.15,1003.06,1338.39,1167.73,1001.50,910.32;
11:  597.07,891.96,1275.35,1557.70,667.34,971.75,2258.66,2462.57,1827.66,1020.26,1396.21,3266.06,2144.55,1368.45,650.09,1298.32,1308.57,1141.02,888.08,968.39,700.74,1057.57,1359.49,2774.97,1453.05,915.03,1543.09,3396.39,3388.74,1358.94,674.42,2326.85,2443.41,1408.57,732.87,1023.03,1371.72,1188.36,999.91,895.11;
12:  602.10,907.65,1289.04,1562.63,680.21,978.43,2140.70,2532.79,1850.37,1027.04,1398.08,3194.23,2166.89,1382.73,644.41,1337.62,1344.72,1141.49,903.72,951.47,706.38,1058.53,1350.17,2787.62,1482.81,921.31,1562.72,3468.72,3245.76,1347.11,683.19,2364.48,2484.83,1453.65,729.62,1033.06,1366.19,1213.48,1009.98,893.76;
13:  607.52,908.38,1332.55,1624.77,693.32,958.71,2191.23,2518.19,1857.08,1057.11,1396.21,3206.28,2108.74,1435.63,647.10,1308.41,1343.82,1140.47,903.72,945.35,700.16,1075.28,1344.96,2792.41,1489.80,933.34,1565.63,3471.79,3272.05,1359.93,685.99,2290.67,2665.10,1395.14,728.51,1079.08,1422.26,1219.92,1043.51,917.14;
14:  599.78,902.96,1281.60,1601.73,693.24,965.01,2192.77,2532.79,1850.37,1065.57,1392.42,3377.35,2181.24,1463.31,635.97,1334.35,1356.55,1149.63,901.41,959.16,708.74,1074.34,1311.71,2739.03,1470.19,926.90,1559.65,3549.15,3556.84,1360.23,682.84,2346.54,2605.91,1447.07,733.33,1071.13,1419.66,1236.53,1027.06,901.41;
15:  594.47,896.29,1311.71,1648.62,689.97,965.21,2225.26,2665.10,1828.86,1073.58,1410.98,3341.13,2148.67,1466.39,635.24,1336.04,1358.94,1178.61,885.02,969.80,710.45,1066.37,1330.64,2683.38,1487.62,903.47,1582.74,3621.40,3464.63,1347.11,678.17,2440.91,2624.76,1479.30,732.58,1064.36,1392.42,1210.55,979.23,873.04;

prove intermedie dentro-fuori
inserimento 6
baseline 60kHz
649.71,986.24,1363.49,1711.11,720.83,979.94,2259.23,2626.53,2018.80,1139.12,1446.77,3267.59,2435.86,1584.21,675.61,1325.00,1413.68,1218.36,956.62,988.23,749.52,1171.55,1492.63,2864.19,1518.25,945.90,1711.94,3815.28,3322.00,1420.78,732.88,2374.69,2560.61,1521.93,771.27,1115.33,1526.30,1280.26,1087.39,952.15;
inserimento 3/4
673.51,978.85,1369.13,1673.11,706.63,999.83,2226.25,2588.19,1827.07,1158.91,1418.54,3285.15,2261.70,1619.37,676.45,1338.24,1315.80,1306.11,945.47,987.34,735.82,1238.54,1477.60,2705.78,1512.30,1074.19,1723.02,3413.68,3422.22,1393.95,697.51,1667.46,1490.42,1374.10,735.44,1186.23,1649.36,1416.03,1217.67,1082.89;
inserimento 1/2
649.57,959.71,1269.18,1545.16,629.40,979.74,2259.23,2598.97,1660.13,1050.84,1433.42,3359.22,2127.07,1424.20,681.79,1364.34,1314.07,1216.65,920.78,1007.50,747.57,1142.69,1356.85,2835.04,1534.05,1013.58,1530.46,3209.47,3422.22,1421.60,608.86,1991.22,2346.24,1411.20,733.22,1107.37,1523.27,1310.79,1126.13,1048.72;
inserimento 1/4
658.80,922.25,1186.95,1400.11,576.49,1021.35,2151.27,2562.21,1703.30,973.17,1461.31,3392.13,2009.48,1330.11,679.41,1351.66,1360.91,1113.52,883.07,1008.89,755.24,1101.35,1242.49,2669.33,1563.46,1006.29,1443.11,3088.56,3527.91,1421.60,557.84,1283.41,2160.79,1491.05,769.99,964.03,1308.29,1168.01,1027.45,956.76;
fuori
700.43,895.10,1012.99,1112.34,414.49,1088.95,2153.16,2261.15,1193.68,720.41,1475.00,3173.16,1611.06,982.07,751.14,1402.72,1235.93,883.14,876.00,1073.13,796.80,958.87,1032.78,2569.84,1657.96,972.57,1089.97,2778.29,3340.45,1477.99,414.54,1302.78,1794.75,1393.89,818.46,724.82,973.82,889.89,921.23,948.64;


inserimento 7 dentro fuori
655.12,1041.21,1420.37,1762.65,767.19,1021.24,2328.03,2658.10,1916.11,1098.69,1447.71,3320.26,2129.13,1535.86,674.88,1339.21,1301.32,1237.95,987.86,1031.39,704.96,1210.06,1569.67,2930.07,1566.64,1066.15,1862.28,3603.32,3639.45,1380.68,766.59,2430.73,2555.44,1397.05,716.26,1103.74,1515.35,1310.69,1108.27,1050.18;
658.08,986.04,1395.24,1673.11,717.83,1013.31,2328.03,2665.72,1738.30,1014.20,1463.10,3248.68,2013.54,1427.51,692.79,1328.55,1253.16,1227.97,982.27,1018.52,697.65,1210.06,1536.89,2937.87,1597.22,1115.62,1723.02,3413.68,3322.00,1393.95,607.70,1463.10,1502.61,1330.06,678.00,1150.71,1647.12,1450.02,1246.52,1233.11;
696.46,1005.61,1312.78,1561.28,632.59,1035.28,2304.40,2544.01,1719.51,923.09,1462.28,3229.30,1959.16,1270.79,712.68,1315.80,1269.08,1122.12,967.30,1035.67,713.69,1135.38,1432.10,2770.68,1603.85,1035.51,1567.19,3408.96,3527.91,1393.95,611.02,1565.91,1935.12,1188.54,677.80,1018.29,1255.46,1124.00,1130.85,1065.94;
700.11,971.96,1196.64,1440.41,562.94,1042.71,2121.82,2550.69,1606.90,872.40,1446.77,3315.92,1882.09,1226.70,721.99,1353.30,1289.79,1062.93,948.56,1044.50,731.39,1078.33,1267.48,2780.84,1592.31,1035.70,1402.72,3116.97,3226.90,1418.54,526.24,1586.48,1886.07,1257.67,715.82,931.43,1291.53,1183.98,1112.27,1073.13;
714.22,889.61,1006.55,1128.11,412.85,1105.95,2162.96,2213.76,1226.26,721.19,1538.62,3116.97,1685.95,975.58,746.49,1420.17,1289.79,878.46,871.72,1087.48,799.47,958.87,1034.12,2640.86,1657.96,965.14,1106.59,2901.78,3119.85,1476.15,405.39,1208.89,1566.37,1276.73,792.76,722.66,987.86,903.27,988.16,1059.98;

inserimento 8 dentro-fuori (8 movimenti, da pieno a vuoto)
667.15,972.29,1328.38,1704.83,703.21,993.15,2280.35,2636.93,2033.83,1173.54,1417.52,3285.15,2334.36,1605.13,674.15,1353.95,1472.26,1208.55,931.43,976.71,745.47,1123.70,1452.86,2872.61,1547.09,952.09,1627.61,3486.89,3408.96,1421.26,651.04,1864.13,2018.80,1349.26,734.72,1238.54,1729.38,1384.71,1139.72,1007.06;
630.09,966.34,1370.78,1704.83,693.64,993.34,2246.45,2608.20,2033.83,1157.25,1416.37,3214.19,2336.48,1590.29,675.67,1352.54,1446.77,1250.22,930.53,979.47,750.69,1176.05,1438.70,2830.18,1552.93,999.83,1648.72,3524.78,3440.47,1404.83,644.73,1682.20,1791.60,1315.37,742.77,1063.99,1433.21,1259.95,1117.71,1021.32;
652.63,953.82,1284.92,1608.97,670.41,986.24,2259.23,2544.01,1874.53,1088.49,1461.31,3285.15,2227.03,1518.25,671.12,1353.95,1413.68,1197.95,914.01,993.97,741.00,1196.64,1382.25,2756.63,1576.70,1042.96,1619.37,3479.85,3611.14,1379.68,625.01,1586.48,1711.82,1301.94,746.19,1128.89,1597.32,1342.13,1129.61,1074.27;
652.49,940.79,1250.55,1586.01,624.15,1013.98,2194.17,2474.92,1848.77,1035.51,1462.28,3376.47,2224.67,1396.99,690.50,1377.26,1389.34,1114.80,917.04,1014.40,749.98,1085.07,1344.49,2790.61,1593.65,965.14,1502.61,3377.38,3581.29,1432.51,599.44,1600.72,1931.86,1322.84,734.72,1051.47,1416.03,1127.97,1038.86,992.99;
638.60,894.16,1199.26,1465.63,595.55,1028.56,2162.48,2525.43,1719.51,973.36,1463.77,3359.22,2042.49,1348.32,671.84,1391.38,1418.54,1098.22,878.65,1008.89,743.12,1069.27,1240.62,2770.68,1580.16,978.13,1428.96,3238.95,3448.24,1419.42,570.88,1599.26,1831.00,1310.37,737.04,1063.53,1339.67,1249.15,1120.21,1042.71;
689.84,911.26,1142.97,1366.94,549.17,1035.83,2193.16,2408.50,1686.64,911.98,1462.28,3376.47,1983.75,1215.02,688.84,1393.95,1358.04,1048.72,887.49,1029.96,767.03,1047.52,1228.37,2712.88,1618.16,959.44,1376.20,3210.25,3238.95,1461.31,528.45,1410.46,1660.89,1227.62,729.65,963.26,1253.06,1077.26,983.31,1033.80;
656.19,894.64,1092.59,1322.57,517.23,1043.15,2269.44,2489.83,1584.21,857.93,1492.31,3248.68,1933.58,1148.40,694.49,1406.41,1373.73,983.85,872.59,1061.00,770.29,1022.23,1159.03,2835.04,1606.90,934.44,1293.63,3146.16,3336.91,1462.28,490.46,1360.43,1536.89,1269.03,728.35,909.92,1230.27,1116.68,1020.31,1032.15;
677.24,852.59,1055.81,1226.70,493.73,1050.26,2204.03,2408.50,1553.74,836.93,1507.80,3146.16,1986.54,1133.89,696.03,1421.26,1413.68,991.04,840.14,1057.72,787.50,1053.91,1078.01,2615.83,1624.65,1013.98,1226.92,3030.70,3366.45,1463.10,475.86,1393.18,1725.46,1300.64,759.23,916.43,1237.95,1144.96,1090.18,1098.59;
700.56,895.10,1012.62,1136.91,415.02,1088.49,2194.17,2282.89,1248.60,722.24,1524.53,3160.33,1647.97,966.25,746.49,1407.80,1349.55,863.45,867.97,1095.55,815.23,957.76,1015.17,2790.61,1660.89,959.13,1115.33,2778.29,3226.90,1477.14,402.16,1143.96,1501.24,1244.87,783.31,785.25,1072.86,966.87,1012.62,1062.28;


inserimento 9 fuori-dentro dal basso
724.71,906.16,1005.20,1128.11,416.69,1096.71,2226.25,2347.78,1283.41,722.55,1521.26,3050.75,1705.19,987.86,757.87,1435.88,1333.26,874.35,880.29,1093.96,810.82,964.03,1045.34,2748.20,1620.48,959.44,1115.10,2830.18,3207.11,1477.14,399.85,1163.23,1498.27,1238.14,777.51,785.94,1105.95,1000.19,1026.94,1068.57;
747.54,962.08,1118.61,1259.81,486.95,1006.94,2111.68,2375.32,1639.53,954.13,1415.09,3018.21,2101.90,1283.46,743.64,1366.70,1505.52,1123.06,930.53,995.30,819.79,1160.69,1185.12,2430.04,1509.10,1050.84,1294.46,2881.66,3119.85,1407.01,470.76,1424.20,1734.82,1326.99,770.30,1027.32,1470.67,1322.57,1186.23,1115.33;
714.43,1004.23,1226.70,1397.05,513.40,986.58,2090.51,2465.60,1767.88,992.99,1405.69,3173.16,2196.43,1410.46,763.60,1317.59,1514.61,1188.78,994.55,991.13,804.52,1186.95,1318.19,2563.81,1487.60,1043.39,1375.03,3136.58,3251.95,1390.42,495.57,1526.64,1928.27,1354.54,759.48,1105.53,1560.92,1404.70,1227.97,1133.02;
743.50,1075.60,1269.18,1451.40,535.21,1000.00,2120.01,2514.02,1861.06,1081.24,1365.24,3030.70,2265.83,1552.22,783.30,1328.55,1538.62,1260.71,1047.52,982.07,802.94,1244.27,1389.91,2534.67,1450.02,1066.40,1441.61,3088.56,3184.61,1342.65,509.13,1666.91,1918.29,1397.57,770.20,1178.14,1686.64,1490.18,1293.63,1160.21;
739.80,1101.70,1326.55,1521.26,553.71,973.34,2132.58,2550.69,1876.73,1104.50,1360.91,3160.33,2230.19,1603.46,785.61,1329.66,1532.43,1318.25,1073.71,967.95,802.05,1291.53,1411.20,2609.47,1470.07,1074.19,1487.28,3026.08,3096.30,1355.19,523.11,1670.23,1922.67,1379.25,768.48,1196.60,1716.73,1534.05,1323.84,1188.74;
763.28,1115.72,1306.53,1493.26,542.64,973.17,2103.00,2454.98,1938.58,1130.26,1348.32,3042.01,2301.79,1623.02,774.24,1304.68,1516.51,1294.71,1051.47,974.33,790.08,1269.18,1441.33,2519.71,1443.83,1090.46,1487.28,3210.25,3096.30,1330.34,519.96,1726.07,2018.80,1365.24,773.98,1214.47,1781.84,1552.93,1335.97,1160.25;
743.71,1107.27,1326.55,1521.26,540.82,973.34,2046.14,2441.38,1925.72,1137.72,1326.99,3160.33,2376.28,1675.12,781.48,1317.59,1573.08,1342.36,1075.60,964.03,809.88,1307.91,1475.23,2487.26,1427.37,1074.27,1487.28,3136.58,3180.02,1367.67,520.97,1775.42,2120.01,1444.47,779.56,1266.32,1785.75,1583.46,1360.91,1169.45;
710.86,1093.43,1361.39,1586.86,578.09,960.45,2069.13,2441.38,1960.42,1155.78,1326.05,2874.86,2377.24,1744.20,775.11,1281.66,1568.93,1390.42,1064.88,957.76,794.32,1369.13,1502.77,2557.03,1433.07,1115.59,1597.32,3200.86,3161.08,1341.44,547.60,1792.28,2008.71,1428.20,759.48,1235.93,1811.47,1646.70,1403.84,1239.17;
739.61,1114.63,1344.49,1625.97,620.60,960.47,2046.14,2501.28,1971.98,1148.73,1325.00,3042.01,2338.91,1741.18,776.47,1304.68,1550.54,1405.69,1048.58,956.62,780.05,1424.20,1524.62,2464.18,1408.60,1160.21,1594.90,2974.72,2957.35,1330.06,579.19,1775.42,2028.26,1417.11,766.41,1269.08,1880.98,1665.15,1454.32,1299.23;

inserimento 10 fuori-dentro dal basso
724.58,900.38,1012.20,1120.21,411.53,1089.35,2172.40,2297.17,1283.46,722.24,1522.51,3034.02,1720.60,991.13,765.65,1435.88,1334.67,884.96,882.17,1097.08,814.32,960.41,1039.92,2779.82,1665.15,978.85,1106.82,2746.23,3320.26,1505.52,395.83,1169.83,1513.86,1256.40,774.34,765.55,1090.46,986.58,1020.94,1064.56;
732.02,1032.15,1304.73,1557.05,615.90,1042.96,2204.54,2465.60,1656.12,883.74,1475.00,3146.16,2013.54,1238.54,760.59,1353.30,1283.46,1114.01,1008.21,1056.34,716.54,1130.71,1413.41,2872.61,1573.08,1115.59,1567.19,3173.92,3275.92,1379.68,574.97,1467.73,1655.26,1169.41,682.58,947.41,1351.66,1284.92,1197.95,1208.42;
724.42,1044.80,1338.64,1570.50,640.67,1058.17,2269.44,2500.16,1732.22,873.54,1444.47,3080.89,1983.75,1261.33,739.09,1341.96,1318.14,1124.14,1005.37,1056.34,711.61,1188.78,1440.76,2980.37,1566.64,1106.98,1601.60,3242.99,3226.90,1393.50,599.91,1603.85,1777.15,1212.94,685.62,947.83,1378.19,1294.82,1226.26,1208.42;
680.71,1053.14,1374.10,1673.78,693.14,1058.37,2315.83,2500.16,1857.24,889.61,1458.94,3096.30,2130.74,1323.84,744.49,1330.06,1340.53,1160.21,1010.36,1063.96,700.80,1254.89,1481.99,2879.96,1593.65,1124.14,1624.65,3309.00,3275.92,1367.24,643.09,1713.38,1864.13,1218.92,684.16,973.36,1428.96,1330.11,1269.08,1261.14;
668.17,1046.32,1429.80,1790.64,727.69,1058.37,2376.28,2494.61,1900.91,929.51,1430.28,3034.02,2230.98,1373.73,729.07,1330.34,1321.20,1188.74,1021.19,1038.64,702.94,1242.49,1565.37,2864.19,1543.84,1141.98,1726.32,3302.99,3394.92,1379.00,680.81,1789.28,1820.87,1262.14,677.03,1021.12,1475.00,1418.27,1314.99,1261.09;
680.53,1055.81,1452.86,1798.20,751.09,1043.15,2400.90,2608.20,1998.58,954.07,1460.20,3285.15,2265.00,1441.61,723.04,1354.90,1330.11,1208.59,1028.38,1037.18,698.53,1280.26,1576.70,3042.01,1561.28,1169.00,1756.57,3176.96,3267.59,1380.68,698.69,1838.78,1872.19,1244.87,675.62,1042.42,1567.19,1435.95,1338.24,1293.63;
652.76,1024.88,1427.37,1798.20,766.83,1065.68,2339.82,2456.74,2082.74,966.85,1431.47,3077.42,2374.69,1441.61,701.81,1329.66,1386.79,1283.41,991.74,1040.06,702.60,1350.95,1563.46,2980.37,1549.12,1208.21,1807.67,3486.89,3295.31,1340.07,722.18,1831.00,1912.78,1296.89,675.62,1033.80,1577.73,1499.96,1386.79,1339.21;
661.68,1033.80,1462.87,1854.96,779.46,1042.42,2400.90,2591.08,2149.61,986.58,1415.09,3197.74,2377.24,1456.00,695.27,1329.16,1373.73,1306.11,991.74,1045.99,715.79,1371.82,1560.10,3005.22,1531.06,1248.60,1803.61,3309.00,3275.92,1392.92,730.31,1863.36,1986.73,1259.95,681.29,1056.34,1580.07,1527.91,1396.99,1390.42;
641.10,1048.72,1472.72,1868.45,787.64,1042.07,2438.96,2658.10,2118.88,929.61,1445.69,3114.09,2301.79,1410.46,701.02,1317.59,1373.73,1283.46,1001.33,1045.99,701.81,1365.49,1597.22,3116.97,1540.44,1207.54,1773.29,3377.38,3295.31,1354.48,740.41,1847.72,2009.29,1291.12,688.46,986.40,1516.51,1487.60,1441.61,1394.53;

inserimento 11 fuori dentro dal basso
703.83,905.58,1013.31,1116.75,413.85,1089.35,2153.16,2231.25,1294.87,725.15,1537.33,3066.39,1742.81,991.13,771.51,1479.83,1340.53,896.93,897.34,1098.56,827.94,975.58,1047.19,2854.74,1669.23,960.13,1082.20,2740.34,3200.86,1505.52,401.92,1148.80,1485.18,1242.08,778.92,791.76,1074.27,997.84,1021.32,1058.17;
720.98,1048.20,1326.55,1603.56,631.78,1049.96,2337.99,2465.60,1798.89,923.69,1473.71,3066.39,2040.87,1280.26,734.58,1355.37,1309.35,1115.33,993.46,1054.92,729.87,1173.81,1420.37,2911.12,1624.65,1066.38,1573.08,3238.95,3422.22,1407.47,587.25,1549.38,1742.31,1259.95,695.69,979.74,1417.52,1297.72,1188.14,1178.14;
703.03,1033.80,1395.24,1717.70,720.83,1021.12,2363.94,2571.46,1971.98,979.58,1444.47,3096.30,2230.19,1441.61,716.91,1355.37,1367.37,1229.08,988.90,1042.74,710.08,1308.71,1521.17,3018.21,1545.16,1179.08,1755.66,3377.38,3336.91,1380.25,676.96,1767.09,1845.92,1259.81,687.05,1074.04,1571.88,1443.83,1340.81,1318.46;
655.58,1018.82,1448.43,1849.07,771.17,1028.36,2248.07,2544.01,2112.35,1042.42,1434.19,3016.25,2339.21,1518.25,716.91,1316.51,1360.91,1354.90,987.86,1012.79,720.02,1432.10,1556.60,2887.94,1540.44,1218.58,1764.35,3265.11,3322.00,1367.24,720.66,1879.72,1912.78,1304.00,695.91,1149.27,1689.49,1597.22,1504.14,1392.21;
635.36,986.04,1402.53,1849.07,788.11,1049.96,2328.03,2621.80,2130.74,999.62,1428.96,3016.25,2414.17,1439.98,684.92,1341.96,1413.68,1305.74,962.92,1048.83,711.61,1350.95,1540.44,2980.37,1529.36,1188.42,1785.75,3394.92,3306.42,1407.47,742.10,1847.72,1991.22,1317.10,688.53,1065.37,1637.54,1499.96,1401.48,1330.50;

inserimento 12 dentro fuori dall'alto
673.68,1026.50,1400.24,1819.44,792.09,1050.70,2339.82,2530.42,2156.01,1021.24,1419.42,3180.02,2376.28,1534.23,686.54,1342.36,1410.46,1342.65,963.84,1048.83,716.10,1382.25,1529.36,3004.57,1573.08,1188.14,1837.75,3479.85,3394.92,1393.50,748.96,1916.78,2010.45,1300.69,688.46,1106.30,1619.37,1534.05,1427.51,1355.19;
664.94,1055.81,1432.10,1877.36,771.27,1020.43,2315.24,2621.80,2065.56,1035.51,1417.52,3161.08,2415.84,1570.50,718.72,1318.41,1356.44,1328.55,1009.30,1012.79,713.48,1337.10,1552.93,2989.85,1557.05,1198.44,1864.59,3238.95,3347.56,1394.27,740.41,1847.72,1931.86,1291.12,679.75,1141.66,1709.21,1583.46,1413.68,1381.00;
692.97,1056.34,1427.37,1730.37,739.18,1035.70,2339.82,2579.58,2014.13,1013.58,1445.69,3161.08,2265.83,1443.11,702.60,1354.90,1306.37,1239.17,984.17,1034.12,701.02,1274.75,1541.05,3030.70,1590.01,1150.46,1767.88,3238.95,3336.91,1366.03,697.38,1782.91,1896.20,1224.29,681.29,1089.35,1582.23,1465.03,1338.24,1283.41;
709.91,1054.58,1393.37,1704.83,686.05,1058.37,2388.17,2551.09,1837.75,966.68,1476.15,3146.16,2068.50,1331.74,719.56,1330.50,1270.79,1151.04,1017.37,1059.04,715.27,1183.19,1521.26,3050.75,1616.15,1106.98,1635.35,3242.99,3136.58,1366.70,640.83,1638.27,1716.25,1196.60,692.89,1043.28,1504.14,1340.53,1227.97,1198.60;
665.22,1025.47,1333.26,1626.18,648.70,1057.92,2426.30,2482.88,1803.89,941.68,1461.31,2957.35,2071.66,1306.37,731.83,1355.37,1281.91,1124.14,998.51,1050.18,718.72,1135.94,1437.43,2957.97,1646.70,1058.59,1601.60,3109.08,3097.71,1406.41,605.93,1562.00,1729.26,1202.06,687.05,1020.94,1408.67,1278.51,1168.24,1159.91;
684.04,1032.15,1269.18,1523.27,604.71,1065.68,2315.24,2449.72,1679.16,912.13,1476.15,3114.09,1986.54,1284.92,742.77,1330.50,1293.22,1106.82,997.58,1053.91,734.27,1135.94,1361.63,2887.94,1598.87,1082.29,1504.14,3146.16,3111.22,1389.34,574.34,1485.72,1646.38,1193.76,701.81,979.85,1376.20,1239.94,1148.11,1159.91;
693.86,1018.82,1283.46,1502.29,592.60,1042.96,2269.99,2417.18,1623.02,906.37,1477.14,3066.39,1957.02,1245.97,751.14,1368.22,1270.79,1098.22,995.61,1048.83,731.83,1151.69,1352.89,2738.87,1589.91,1082.29,1485.64,3026.08,3014.94,1420.17,560.37,1424.27,1655.26,1188.42,694.30,979.38,1373.73,1243.63,1149.74,1169.57;
728.47,1010.65,1182.09,1379.68,541.01,1072.86,2226.25,2398.60,1556.24,842.05,1462.28,2974.10,1906.82,1156.11,762.68,1394.46,1283.46,999.36,991.74,1073.13,758.79,1045.99,1266.90,2800.47,1603.07,993.27,1378.19,2974.72,3014.94,1433.42,517.82,1370.78,1636.91,1202.06,718.98,917.90,1249.11,1144.00,1073.57,1082.05;
693.93,894.16,1006.55,1120.91,412.52,1105.53,2246.45,2242.96,1294.92,725.50,1537.33,2957.35,1762.26,997.84,756.93,1479.91,1342.30,896.40,886.55,1091.82,818.81,984.60,1049.08,2738.87,1656.44,972.57,1098.22,2796.31,3226.90,1522.51,403.20,1149.27,1497.79,1271.76,768.73,800.68,1074.30,1005.61,1028.56,1049.19;

inserimento 13 fuori dentro fuori (dall'alto verso il basso)
735.86,927.78,1011.73,1107.27,414.33,1104.50,2226.25,2242.96,1272.01,718.35,1537.33,2874.86,1746.22,1008.89,783.68,1450.02,1335.97,896.93,889.29,1088.98,829.34,986.70,1038.03,2807.29,1679.61,978.51,1082.32,2681.62,3251.95,1506.74,400.52,1146.57,1500.20,1252.41,770.78,800.84,1074.19,998.29,1014.18,1073.57;
796.83,1123.19,1238.54,1392.66,469.02,1042.96,1971.98,2267.77,1433.42,872.40,1375.03,2656.76,1855.56,1336.65,863.77,1330.34,1345.54,1208.55,1072.69,1034.12,798.36,1305.58,1301.89,2382.36,1461.98,1186.83,1351.66,2619.66,2728.19,1378.19,467.82,1296.89,1542.53,1283.41,755.60,941.74,1462.28,1395.24,1325.00,1342.36;
787.79,1190.66,1429.80,1692.25,587.62,993.27,2112.35,2538.16,1974.90,1131.81,1348.32,2832.87,2377.56,1779.56,815.73,1318.41,1487.28,1506.74,1117.71,989.91,781.67,1529.36,1517.01,2522.76,1413.34,1269.08,1617.26,3000.71,2883.94,1341.44,562.36,1708.26,1933.58,1373.36,739.56,1216.65,1892.00,1789.55,1594.90,1434.83;
775.17,1108.27,1324.61,1597.22,578.28,999.62,2135.58,2344.71,1900.26,1049.96,1401.48,2974.10,2300.92,1582.23,800.19,1330.50,1461.31,1330.50,1063.82,994.55,780.64,1346.52,1419.08,2645.69,1446.19,1141.94,1537.33,3117.69,3050.75,1404.83,553.85,1639.53,1813.31,1363.07,740.18,1131.36,1692.14,1524.62,1346.99,1270.98;
717.83,899.41,1012.20,1127.26,416.53,1104.50,2198.45,2297.17,1272.15,718.35,1557.22,3034.02,1739.30,1006.07,774.56,1477.99,1345.54,909.11,890.97,1111.00,815.73,964.48,1027.07,2845.93,1665.26,979.38,1090.46,2729.16,3184.61,1523.61,400.52,1156.88,1542.53,1247.58,774.86,796.57,1074.27,985.15,1006.94,1065.37;

inserimento 14 fuori(1) dentro(9) dal basso
697.23,894.83,1013.81,1109.21,414.68,1094.21,2198.45,2322.95,1283.41,723.12,1587.62,2866.43,1742.81,1018.52,779.58,1477.99,1364.34,892.38,895.58,1102.65,814.67,964.20,1025.81,2755.63,1642.05,979.74,1082.20,2693.16,3097.71,1550.54,404.04,1164.58,1488.22,1231.16,774.86,801.08,1074.27,992.53,1000.21,1064.99;
633.03,889.49,1147.43,1377.01,562.27,1057.92,2351.17,2500.16,1779.56,911.50,1535.86,3119.85,2164.64,1251.15,695.27,1449.66,1470.67,1057.92,884.78,1061.54,785.78,1049.08,1193.03,2768.15,1619.37,966.53,1339.21,3058.88,3309.00,1497.08,547.05,1547.44,1856.93,1328.10,743.52,966.68,1326.05,1168.01,1096.17,1057.61;
640.67,878.57,1175.24,1480.14,607.83,1028.18,2325.64,2449.72,1934.61,966.79,1506.74,3114.09,2302.08,1340.53,685.67,1420.17,1522.51,1132.74,872.59,1029.39,776.47,1113.48,1207.88,2845.93,1647.02,986.40,1410.46,3143.21,3394.92,1485.64,581.00,1653.86,1916.11,1365.49,740.18,1035.51,1401.48,1293.22,1150.13,1090.46;
658.41,889.16,1165.82,1506.01,629.23,1027.66,2335.57,2561.81,1986.91,1007.06,1534.23,3096.30,2300.92,1393.37,672.64,1449.15,1521.26,1169.45,870.56,1036.65,783.68,1141.13,1227.62,2768.15,1619.37,1000.19,1447.71,3377.38,3275.08,1488.77,601.37,1695.02,1934.95,1415.63,734.83,1057.92,1500.92,1328.38,1187.34,1115.62;
613.61,873.54,1193.68,1586.01,670.03,1034.99,2204.03,2489.83,2110.11,1035.83,1500.92,3136.58,2454.98,1456.00,662.88,1421.26,1535.86,1188.74,863.16,1019.80,771.51,1149.88,1237.73,2820.53,1624.34,1006.77,1490.11,3052.78,3376.47,1487.28,637.07,1723.51,2050.64,1367.67,736.62,1122.62,1563.18,1389.91,1226.92,1098.69;
629.40,868.31,1205.21,1620.48,691.64,1006.29,2198.45,2535.45,2105.44,1106.30,1502.61,3074.65,2588.19,1544.46,669.63,1434.83,1553.74,1260.95,865.41,1012.79,767.61,1212.94,1232.00,2762.62,1597.22,1014.20,1553.74,3176.96,3376.47,1468.94,659.10,1798.06,2069.13,1407.01,728.35,1183.07,1648.72,1487.28,1233.11,1115.62;
629.40,857.93,1195.99,1590.01,705.82,1000.00,2190.16,2456.74,2145.37,1130.85,1472.26,3057.52,2540.89,1603.46,662.18,1434.83,1573.08,1281.66,849.65,994.55,784.65,1215.36,1240.49,2762.62,1557.05,1028.36,1514.61,3179.25,3336.91,1483.85,665.86,1782.91,2136.51,1439.27,738.40,1214.47,1686.64,1481.99,1245.65,1115.59;
629.71,853.11,1166.54,1580.54,727.69,979.74,2135.58,2500.16,2227.30,1157.88,1490.11,3136.58,2579.58,1642.89,660.02,1435.32,1590.29,1341.44,840.98,994.55,765.65,1266.90,1217.67,2705.78,1594.52,1035.91,1504.14,3085.07,3146.16,1483.85,674.15,1828.67,2028.26,1469.16,735.10,1243.63,1729.38,1545.16,1266.32,1141.94;
635.07,848.08,1148.11,1552.67,724.06,986.24,2142.80,2449.72,2075.69,1149.27,1502.61,3130.73,2588.19,1599.55,659.94,1420.17,1592.21,1317.10,833.73,986.79,787.82,1220.30,1184.77,2547.94,1592.11,1028.49,1485.64,3058.20,3309.00,1487.28,677.03,1798.06,2181.47,1482.38,745.32,1245.65,1735.93,1487.28,1257.29,1115.49;
