ad5933-frequencysweep
calibrazione 0412
phantom 4
baseline
1522.59,1316.76,1314.35,1501.02,1434.89,1445.77,1502.80,1573.03,1573.51,1710.39;
1921.08,1578.98,1619.38,1576.27,1768.30,1866.65,1922.21,2077.93,2183.65,2384.53;
2014.38,1678.38,1631.36,1649.11,1799.04,1845.00,1863.85,1921.87,2064.29,2332.29;
2444.32,2201.38,1976.28,2078.21,2150.14,2231.23,2395.09,2501.21,2709.91,2862.35;
1618.10,1371.80,1469.23,1451.89,1675.49,1717.02,1841.69,1896.08,2054.40,2200.02;
1081.56,997.18,975.68,975.38,1013.93,1092.22,1128.29,1156.28,1228.61,1233.18;
1744.44,1397.93,1461.02,1446.82,1565.71,1773.50,1830.90,1806.91,1736.46,1645.57;
3230.00,2298.10,2420.74,2176.79,2422.21,2620.64,2711.62,2463.60,2358.83,2078.12;
3304.69,2400.64,2616.36,2419.58,2716.76,2909.83,3061.45,2987.51,2506.51,2338.82;
1490.28,1265.44,1267.05,1334.07,1343.23,1516.67,1578.59,1618.09,1629.92,1604.48;
951.11,815.02,861.91,909.62,934.80,963.90,989.37,1049.86,1067.73,1128.60;
2305.98,1743.37,1943.85,1975.34,2207.43,2334.10,2409.29,2497.43,2636.09,2770.83;
3262.79,2539.41,2691.84,2675.50,3081.20,3157.02,3371.59,3458.48,3410.32,3402.10;
2569.25,1898.15,2022.50,2201.66,2377.10,2590.02,2706.78,2635.04,2769.53,2983.80;
1497.86,1230.38,1323.98,1387.81,1422.66,1512.85,1632.36,1710.70,1858.58,1938.79;
1220.44,1015.01,1091.62,1170.23,1202.05,1295.50,1343.93,1382.05,1476.29,1596.08;
1832.69,1539.52,1690.95,1666.67,1848.86,1983.28,2137.37,2342.14,2381.87,2492.91;
1956.26,1683.77,1607.61,1593.87,1888.98,2169.45,2349.44,2380.55,2567.13,2727.20;
1883.85,1661.78,1613.36,1647.46,1834.64,2052.95,2164.78,2137.05,2313.43,2647.45;
1073.33,967.90,954.13,988.42,1025.69,1095.50,1116.11,1184.86,1216.64,1306.68;
933.91,862.93,869.70,903.98,914.47,965.26,986.83,1036.73,1095.34,1130.32;
1473.34,1283.54,1249.46,1293.30,1370.06,1451.42,1518.88,1594.02,1713.99,1707.83;
2069.58,1784.61,1750.44,1913.03,1977.92,2138.51,2206.63,2326.59,2561.98,2457.18;
1722.44,1410.68,1427.52,1471.64,1597.41,1698.39,1804.67,1861.85,1947.83,1998.98;
965.32,878.84,869.70,880.05,931.39,985.18,1034.72,1111.23,1122.67,1204.59;
1210.89,1061.50,1059.72,1160.23,1177.21,1203.62,1187.38,1210.78,1267.18,1324.62;
2491.82,2264.35,2160.82,2407.94,2408.27,2362.92,2405.00,2276.88,2419.88,2350.71;
2881.18,2282.07,2352.19,2596.82,2704.93,2757.61,2628.52,2407.30,2146.99,1995.00;
2503.80,1958.71,2014.22,2054.57,2195.17,2316.94,2206.22,2265.09,2152.42,2124.45;
1211.54,1058.91,1075.97,1159.02,1226.10,1284.60,1301.59,1346.01,1388.09,1462.31;
1682.85,1373.22,1451.73,1554.90,1596.66,1669.95,1811.94,1827.94,1950.47,2064.46;
2912.54,2504.52,2136.93,2237.30,2308.58,2380.62,2488.24,2433.86,2703.10,3134.70;
3091.85,2331.71,2343.45,2490.43,2578.10,2720.47,2925.54,2906.67,3352.78,3563.71;
1902.56,1648.77,1552.13,1614.78,1680.10,1766.28,1793.93,1918.71,1961.51,2110.47;
929.35,824.71,816.34,841.44,860.51,887.19,906.89,932.11,957.63,991.65;
1487.62,1283.11,1256.88,1267.39,1428.68,1513.86,1544.23,1528.34,1492.38,1426.40;
2728.89,2302.65,2138.17,2105.67,2281.08,2351.49,2327.17,2087.02,1942.96,1731.27;
2013.13,1666.95,1690.28,1634.31,1878.72,2075.74,1962.85,1951.10,1839.45,1645.57;
1463.75,1319.94,1303.27,1387.51,1426.84,1545.94,1572.53,1552.03,1488.05,1423.39;
1178.69,1038.41,1048.92,1054.86,1208.30,1297.71,1300.52,1369.12,1333.18,1362.66;
END!
1511.40,1257.27,1319.94,1354.19,1433.43,1493.91,1522.07,1575.16,1693.05,1806.34;
1902.56,1655.45,1599.88,1704.38,1711.77,1814.35,1837.23,1909.33,2065.29,2233.64;
2054.63,1633.66,1709.49,1666.67,1722.99,1845.00,1912.46,1948.83,2122.00,2308.61;
2585.25,2035.63,2004.30,1957.50,2055.04,2157.29,2249.84,2318.60,2355.50,2743.98;
1644.24,1510.23,1490.33,1537.74,1617.19,1683.84,1683.78,1796.18,1886.90,2008.56;
1081.56,930.66,969.35,956.29,1019.97,1123.04,1167.07,1178.34,1206.78,1247.40;
1682.29,1530.11,1488.81,1469.16,1632.25,1840.57,1897.93,1854.33,1753.76,1659.27;
3006.99,2580.61,2318.44,2357.02,2644.59,2958.35,2876.75,2643.23,2224.22,1998.98;
3242.84,2422.16,2577.75,2456.06,2713.05,2975.18,3104.62,2759.67,2417.18,2249.21;
1525.70,1348.33,1284.26,1242.98,1424.37,1516.10,1555.53,1597.75,1629.92,1614.14;
956.78,840.54,856.49,891.98,934.66,980.59,982.53,1029.99,1070.45,1154.03;
2506.59,2092.91,1953.38,2031.72,2234.95,2399.96,2437.73,2661.54,2589.14,2915.14;
3211.42,2719.26,2641.12,2758.68,3179.01,3207.94,3376.02,3311.83,3590.66,3628.63;
2569.25,1834.99,1984.79,2154.35,2366.21,2546.56,2700.20,2839.02,3150.29,3388.56;
1509.44,1357.09,1310.12,1376.34,1440.84,1541.43,1593.31,1623.73,1801.47,1994.08;
1272.60,1169.72,1144.79,1200.67,1241.55,1339.96,1381.35,1429.30,1523.11,1613.01;
1865.92,1712.53,1670.87,1713.87,1923.15,1996.73,2165.43,2203.71,2396.44,2524.65;
2074.63,1772.37,1698.08,1664.73,1888.98,2129.66,2235.97,2225.30,2310.92,2848.93;
3137.25,1641.28,1673.97,1686.33,1826.60,1946.47,2097.61,2160.18,2304.82,2438.58;
1085.03,980.03,961.61,1004.91,1041.75,1095.63,1101.31,1124.81,1197.78,1281.70;
955.51,879.28,876.99,908.07,934.60,976.35,1004.01,1061.91,1072.53,1117.44;
1514.51,1323.27,1267.57,1345.26,1434.23,1492.73,1539.77,1525.80,1554.63,1576.90;
2069.58,1609.92,1790.59,1775.82,2062.27,2146.59,2144.53,2202.63,2165.73,2124.08;
1749.17,1447.72,1466.78,1466.70,1622.23,1743.00,1778.60,1879.20,1794.89,1807.85;
978.59,890.23,873.43,879.15,946.99,1005.87,1043.22,1067.08,1119.82,1168.47;
1196.85,1070.29,1076.73,1149.73,1177.21,1190.21,1187.38,1199.03,1250.96,1298.89;
2559.67,1949.15,2113.69,2381.32,2305.54,2369.62,2327.82,2369.63,2254.79,2216.57;
2929.05,2240.11,2406.23,2554.01,2708.12,2706.08,2668.98,2420.74,2279.55,2120.65;
2473.71,2030.03,2028.21,1981.94,2203.59,2248.41,2196.65,2168.58,2075.68,2124.57;
1218.04,1106.34,1104.23,1167.18,1224.40,1269.85,1306.62,1337.97,1367.76,1401.00;
1684.38,1386.26,1430.98,1488.98,1592.60,1612.97,1701.73,1752.49,1816.61,1946.02;
2925.79,2131.52,2248.54,2177.43,2438.19,2507.80,2641.64,2640.42,2862.65,3063.43;
3101.69,2161.07,2430.92,2244.80,2605.88,2694.39,2848.81,2835.82,3197.46,3620.70;
1885.12,1659.64,1611.01,1579.47,1677.53,1700.37,1790.17,1786.51,1930.49,2068.76;
942.11,805.43,825.07,827.06,874.17,887.68,904.14,937.36,960.16,1008.44;
1507.78,1361.35,1281.68,1289.29,1421.70,1438.35,1474.58,1466.41,1402.35,1380.87;
2676.79,2064.61,2106.75,2084.44,2295.90,2267.62,2213.13,2047.19,1785.04,1641.99;
2040.92,1598.52,1731.62,1687.46,1896.44,1984.07,1883.65,1807.66,1758.45,1603.47;
1474.13,1262.34,1282.57,1329.61,1461.02,1535.59,1512.06,1454.04,1426.24,1382.70;
1191.35,1020.53,1089.70,1136.25,1182.19,1255.77,1277.22,1324.42,1315.23,1306.34;
END!


buco sotto 6cm vicino el 5 (giorno 5 uso phantom)
1631.19,1404.68,1388.35,1486.54,1507.00,1556.65,1606.10,1624.77,1702.89,1832.25;
1742.00,1431.04,1471.46,1445.88,1570.00,1651.37,1668.64,1798.25,1891.70,2033.94;
1379.45,1226.15,1170.23,1174.97,1274.57,1306.78,1331.67,1356.92,1446.60,1535.18;
2658.59,1961.32,2013.49,1950.41,2134.94,2238.14,2249.84,2427.82,2521.26,2820.06;
1903.21,1501.80,1633.64,1744.32,1741.96,1811.86,1876.24,1901.66,2035.26,2247.03;
1222.98,1022.78,1107.13,1152.92,1208.37,1308.50,1329.34,1362.21,1351.23,1382.93;
1131.96,1015.50,1000.16,994.11,1107.98,1181.35,1193.84,1258.71,1254.64,1231.35;
2347.26,1740.34,1865.15,1747.47,2006.98,2206.51,2229.98,2099.87,1968.56,1774.87;
2921.94,2513.37,2356.85,2170.32,2543.21,2709.35,2585.41,2587.63,2175.49,2048.31;
1607.38,1311.31,1352.14,1392.55,1443.66,1625.85,1671.74,1707.77,1611.08,1579.87;
649.81,576.22,598.90,608.91,632.32,649.10,649.91,688.70,703.52,736.35;
1357.70,1162.90,1200.06,1163.97,1310.72,1326.78,1371.76,1398.28,1508.10,1599.16;
2033.61,1881.22,1766.23,1799.45,1923.15,2034.93,2145.92,2225.72,2392.25,2465.78;
2186.27,1821.53,1765.60,1730.65,1945.34,2101.54,2241.57,2400.04,2429.49,2708.68;
1630.11,1291.54,1396.85,1382.07,1534.08,1646.67,1702.99,1749.01,1830.72,2010.22;
668.33,617.17,620.52,614.40,658.16,675.32,697.80,713.87,748.76,780.93;
1060.95,918.85,966.82,959.41,1025.92,1067.34,1122.14,1194.81,1237.77,1287.67;
1424.69,1248.03,1225.54,1210.84,1340.69,1463.99,1495.72,1643.45,1642.12,1765.00;
1695.97,1523.27,1500.68,1514.05,1702.36,1884.58,1954.67,2027.26,2153.05,2318.76;
1266.91,1092.24,1102.93,1106.66,1226.10,1296.74,1338.00,1377.13,1467.73,1526.91;
767.90,681.46,711.43,724.58,757.42,784.43,803.81,841.65,871.27,905.20;
1087.84,924.21,972.56,985.63,1034.43,1086.84,1098.84,1129.89,1165.78,1191.70;
1400.55,1209.17,1228.57,1208.02,1356.74,1389.63,1453.00,1490.83,1546.28,1542.65;
1142.59,977.04,1018.59,1046.54,1097.24,1163.03,1160.81,1202.38,1232.26,1277.30;
654.96,573.96,600.79,604.55,636.53,652.86,677.44,699.96,735.15,762.06;
1472.39,1198.80,1302.37,1416.92,1399.35,1418.35,1463.21,1500.73,1494.80,1538.29;
2596.78,2405.83,2229.24,2579.90,2389.32,2397.17,2373.73,2230.51,2207.62,2192.01;
2225.90,1753.36,1891.41,1914.33,2069.25,2028.25,2068.33,1918.98,1953.12,1826.68;
1337.91,1225.42,1217.66,1227.53,1294.14,1317.14,1363.34,1345.11,1387.44,1434.00;
655.18,604.34,602.60,639.12,645.43,658.48,675.74,690.33,719.86,749.07;
1868.38,1576.10,1594.28,1734.12,1835.25,1892.24,1929.07,2035.37,2061.72,2318.13;
2698.85,2317.29,2129.63,2152.74,2230.54,2227.87,2362.50,2436.06,2471.41,2794.28;
2116.32,1789.26,1728.84,1734.12,1815.39,1906.62,1967.42,2062.55,2173.01,2380.37;
1053.01,952.69,931.11,981.12,991.16,1011.80,1036.47,1076.62,1080.98,1162.57;
757.35,688.40,675.42,675.88,705.36,722.77,728.57,758.81,779.98,796.42;
1564.58,1248.03,1310.09,1422.75,1480.21,1524.14,1502.62,1487.97,1426.65,1374.18;
2347.26,2103.63,1925.13,2092.54,2070.02,2083.47,2010.13,1892.18,1793.49,1634.56;
1368.49,1274.85,1237.27,1225.91,1349.87,1413.29,1416.00,1443.42,1425.06,1407.74;
1054.79,886.03,942.09,949.20,1050.38,1098.85,1112.41,1111.42,1122.29,1138.62;
1496.90,1208.29,1314.12,1319.28,1471.62,1528.59,1550.16,1489.86,1551.77,1484.93;
END!


acquisizione 2
1545.49,1260.28,1324.51,1391.75,1431.39,1465.74,1497.95,1571.99,1653.04,1735.61;
1802.84,1623.46,1517.90,1645.58,1625.46,1727.93,1793.48,1899.21,1957.78,2158.28;
1956.88,1718.25,1644.80,1699.51,1776.57,1824.01,1854.95,1884.55,2081.39,2221.18;
2959.25,2565.83,2237.19,2240.62,2484.67,2531.46,2606.47,2820.83,3027.44,3136.28;
1712.91,1431.04,1531.86,1526.86,1661.13,1723.77,1793.48,1862.18,2023.04,2161.37;
1071.46,909.19,965.69,964.61,1012.38,1061.04,1126.49,1143.24,1178.08,1206.92;
1556.08,1378.96,1325.25,1278.24,1435.40,1601.79,1654.65,1640.74,1662.37,1580.63;
3668.30,2527.47,2604.57,2524.89,2831.81,3128.77,2971.83,2723.71,2447.57,2198.11;
3471.56,2879.78,2669.75,2456.06,2717.01,2965.57,2879.19,2751.15,2574.04,2403.15;
1562.59,1300.17,1321.44,1293.65,1385.98,1517.56,1561.98,1619.98,1650.74,1643.52;
864.25,785.29,770.61,789.78,823.39,856.81,881.96,906.38,945.85,1019.81;
2569.25,2122.65,2065.69,2009.81,2362.94,2515.21,2611.25,2697.82,2886.82,2960.93;
3369.32,2883.61,2667.08,3153.51,2998.54,3371.06,3270.76,3301.69,3610.25,3563.71;
2601.14,1990.25,2003.89,2154.35,2225.62,2414.41,2615.59,2728.09,2920.13,3108.60;
1519.97,1385.30,1311.67,1310.75,1459.40,1558.56,1593.36,1690.65,1759.55,1888.03;
1348.15,1121.16,1209.53,1225.09,1337.98,1415.97,1474.29,1538.82,1570.49,1639.61;
1936.11,1802.87,1694.17,1660.30,1902.37,2084.27,2208.97,2430.92,2459.21,2507.72;
1974.22,1566.57,1626.08,1702.06,1912.68,2169.45,2227.85,2420.02,2503.11,2607.72;
1723.47,1569.61,1562.18,1671.78,1786.57,1936.57,2060.55,2150.11,2207.75,2389.76;
1078.95,982.01,973.93,964.77,1057.54,1132.10,1148.39,1194.14,1237.15,1330.37;
972.51,843.44,903.57,947.65,969.31,1014.43,1007.20,1047.22,1070.16,1080.15;
1554.52,1261.11,1329.21,1401.88,1379.25,1359.28,1413.10,1366.77,1368.31,1334.91;
1982.28,1578.14,1698.89,1807.70,1809.50,1846.67,1815.76,1749.89,1738.93,1678.44;
1619.96,1419.57,1351.51,1414.75,1433.14,1467.65,1450.50,1515.36,1421.10,1421.48;
861.33,782.04,792.93,790.27,841.01,875.64,885.42,935.59,953.70,985.90;
1257.68,1103.33,1146.86,1262.42,1239.85,1260.13,1293.56,1307.27,1411.99,1505.48;
3021.57,2430.55,2501.01,2741.22,2690.36,2663.53,2761.22,2828.58,2914.45,2862.35;
3314.99,2351.94,2744.54,2845.86,3237.83,3424.60,3270.31,3295.75,3443.07,3223.55;
2601.77,2243.11,2205.90,2389.87,2443.59,2367.10,2478.63,2546.26,2599.36,2737.39;
1258.71,1165.85,1184.37,1307.45,1276.59,1301.84,1339.60,1398.28,1455.26,1522.14;
1684.88,1519.33,1481.80,1663.53,1650.35,1695.98,1751.76,1784.41,1901.07,1990.13;
3097.11,2667.13,2355.68,2317.77,2637.98,2783.69,2809.37,2941.06,2991.73,3440.56;
3248.10,2258.33,2430.92,2453.87,2732.01,2865.70,3064.40,3004.99,3304.47,3717.45;
1920.33,1662.52,1597.13,1764.93,1700.16,1803.57,1848.37,1804.66,1970.79,2096.29;
951.15,811.73,851.80,852.92,907.87,912.84,923.21,946.54,971.56,1036.07;
1530.00,1208.29,1304.54,1300.14,1456.41,1455.03,1480.48,1444.61,1454.52,1400.05;
2752.76,2280.33,2125.71,2192.50,2319.00,2304.31,2178.68,2013.81,1818.67,1651.83;
1963.47,1735.58,1673.07,1674.03,1841.78,1865.67,1835.96,1812.57,1687.71,1606.60;
1526.62,1263.17,1304.85,1338.19,1486.02,1567.05,1536.36,1515.72,1454.20,1408.38;
1308.98,1123.56,1157.05,1163.84,1284.57,1337.90,1370.34,1405.68,1381.23,1392.66;
END!
1631.35,1437.62,1381.58,1344.90,1471.66,1502.20,1578.59,1585.42,1694.04,1821.62;
1817.94,1628.51,1527.93,1584.46,1680.10,1711.48,1773.15,1942.55,1988.16,2137.34;
1361.18,1129.92,1163.19,1191.89,1233.28,1286.93,1309.49,1326.47,1456.44,1508.64;
2564.45,2043.22,2022.60,1953.62,2167.44,2238.14,2272.20,2485.22,2624.74,2822.36;
1903.21,1577.09,1638.10,1722.20,1750.39,1837.74,1910.67,1966.90,2153.05,2231.93;
1271.24,1065.95,1147.84,1155.50,1223.85,1299.92,1319.61,1417.18,1380.70,1456.42;
1146.09,968.64,1000.46,975.41,1048.02,1103.87,1150.47,1220.85,1238.93,1251.39;
2277.08,1865.42,1826.38,1767.58,1915.97,2043.61,2177.49,2225.72,2094.94,1894.52;
3055.77,2206.23,2433.67,2329.70,2544.84,2879.18,2939.75,2635.97,2540.02,2215.17;
1634.23,1357.62,1372.73,1339.47,1487.69,1668.48,1747.10,1781.52,1786.49,1672.29;
662.52,583.28,606.17,628.16,638.57,652.89,658.53,692.30,716.22,753.06;
1377.59,1229.49,1203.36,1217.82,1269.68,1337.74,1391.25,1473.09,1520.65,1613.01;
2117.33,1643.23,1801.15,1718.93,1975.63,2060.87,2213.13,2452.44,2453.56,2685.57;
2234.17,1933.72,1778.29,1652.78,1925.00,2008.61,2194.75,2268.65,2516.99,2921.83;
1592.26,1453.55,1401.00,1406.67,1554.07,1637.54,1715.72,1768.98,1910.93,2079.50;
698.14,641.14,644.55,669.69,682.18,703.85,731.72,761.20,784.40,828.34;
1106.98,946.01,1014.57,1052.87,1097.63,1155.06,1207.68,1241.78,1328.30,1366.17;
1463.75,1352.44,1298.00,1348.16,1408.35,1534.26,1580.16,1644.18,1765.61,1913.71;
1766.72,1502.71,1571.44,1590.88,1804.39,1929.18,2126.45,2283.22,2336.29,2454.52;
1332.51,1213.15,1164.80,1169.46,1262.15,1349.24,1420.83,1505.40,1548.78,1702.69;
756.03,694.50,699.52,712.71,747.12,762.94,787.06,821.83,843.32,871.43;
1040.33,966.80,946.39,944.31,1017.93,1033.16,1049.22,1058.17,1082.98,1094.73;
1371.68,1188.94,1217.34,1298.92,1322.84,1345.07,1377.92,1401.46,1467.85,1465.20;
1141.26,966.80,1007.53,1022.10,1082.07,1101.63,1102.34,1144.35,1154.89,1169.96;
650.14,583.97,599.96,632.24,630.86,652.08,670.98,688.21,729.19,758.73;
1433.95,1272.89,1303.47,1310.11,1374.02,1419.03,1478.20,1570.46,1583.51,1703.70;
2627.57,2028.47,2277.63,2222.24,2388.65,2443.57,2515.32,2594.06,2576.87,2573.00;
2255.45,1874.59,1971.18,1919.29,2071.01,2161.36,2183.73,2157.23,2358.83,2437.84;
1314.40,1186.80,1223.08,1242.15,1295.13,1345.07,1385.96,1419.51,1458.41,1548.18;
666.80,617.25,625.30,637.32,664.08,670.94,683.66,717.74,751.40,774.17;
1868.61,1489.12,1634.47,1869.69,1825.92,1888.66,1986.42,2041.31,2237.78,2380.37;
2768.70,1932.18,2089.45,2082.99,2332.06,2415.84,2426.86,2515.69,2753.46,2997.16;
2139.35,1876.17,1744.86,1762.08,1891.40,1991.92,2000.53,2190.20,2221.01,2478.94;
1104.74,917.61,954.49,957.93,1026.85,1055.88,1070.24,1094.22,1125.76,1180.10;
751.96,688.34,676.87,675.55,714.39,729.80,736.87,764.51,779.42,809.75;
1588.50,1395.63,1342.95,1450.76,1513.43,1510.19,1515.66,1500.08,1469.82,1395.40;
2377.20,2031.59,1934.29,1885.29,2115.35,2137.52,1995.01,1892.18,1808.05,1638.32;
1424.93,1259.34,1263.95,1358.38,1363.08,1462.88,1456.04,1488.85,1464.48,1400.75;
1038.94,930.15,927.17,936.62,1048.26,1081.62,1098.12,1115.73,1126.49,1141.33;
1501.09,1216.09,1320.03,1329.78,1468.17,1505.64,1502.67,1547.24,1490.57,1504.74;
END!

acquisizione 3, calibrazione 0123
baseline
500.00,501.47,491.89,492.53,498.08,487.94,491.69,484.57,492.29,495.79;
750.33,810.19,708.18,672.36,762.57,704.01,731.72,732.99,729.90,790.26;
734.16,755.31,671.56,703.41,683.35,696.25,697.70,761.05,738.11,790.26;
844.06,781.86,760.78,700.25,844.58,823.69,810.77,809.40,912.74,954.63;
553.19,628.84,560.01,520.65,560.47,537.27,550.54,576.47,575.49,573.27;
410.37,417.93,409.45,372.57,394.37,386.84,389.63,381.48,375.40,370.62;
612.01,584.14,581.44,498.03,558.71,560.81,561.05,560.22,546.83,514.11;
1039.05,1060.91,887.03,768.84,841.41,876.80,853.41,834.49,776.03,696.75;
1039.05,888.59,978.36,857.38,886.17,860.74,861.82,828.52,775.13,707.11;
480.99,525.82,458.97,412.81,438.15,429.44,432.25,429.12,432.84,433.31;
336.52,365.78,331.49,302.60,319.51,310.41,310.91,307.16,314.51,310.42;
804.07,807.14,706.27,694.75,703.97,722.19,740.07,774.98,756.88,760.41;
1106.72,939.58,971.11,899.70,1029.31,1015.33,1039.76,931.28,1033.38,990.91;
823.49,840.93,716.50,608.54,730.84,721.14,749.30,743.36,771.55,801.40;
500.12,527.49,481.46,438.95,466.67,460.27,467.74,470.71,482.75,485.38;
467.17,486.25,458.46,441.18,448.81,443.20,463.26,464.90,461.86,448.17;
724.80,689.08,690.97,662.40,697.81,716.76,763.72,752.50,736.82,707.17;
791.98,831.94,695.65,676.38,733.48,790.65,849.98,824.18,809.73,748.96;
766.34,835.18,719.82,708.51,710.33,762.65,810.62,769.22,804.98,787.13;
420.56,457.60,421.46,399.25,392.84,396.88,410.74,406.57,412.42,412.36;
320.90,363.15,328.93,303.49,314.32,301.05,305.06,302.32,297.49,282.07;
517.43,525.74,492.24,459.93,458.73,424.84,417.96,383.18,367.99,330.90;
735.90,725.45,669.59,658.87,643.81,587.80,585.03,541.20,474.40,418.81;
637.65,610.50,581.94,526.32,551.66,512.62,496.51,467.16,422.68,390.65;
333.68,356.72,337.55,308.51,326.52,314.90,314.70,316.12,310.97,294.14;
387.12,395.08,397.61,371.34,367.43,358.42,351.90,352.37,357.55,360.39;
832.89,861.10,798.09,724.79,741.84,721.59,721.44,684.55,673.32,658.16;
935.89,951.36,919.11,895.28,946.24,860.91,868.83,910.69,859.06,792.53;
803.61,739.49,773.91,708.51,716.62,710.06,708.11,693.22,680.72,696.01;
440.34,487.89,455.60,429.26,434.30,414.83,414.84,413.57,411.34,415.98;
553.49,607.25,536.78,492.14,520.58,495.06,513.41,518.20,510.41,508.64;
963.38,903.91,830.02,858.89,830.41,838.04,830.87,864.79,818.42,869.77;
1033.20,1065.73,912.80,861.48,877.54,825.04,903.79,891.30,878.83,990.91;
725.26,715.43,660.17,592.61,613.66,588.75,594.83,584.13,601.23,619.79;
318.39,332.89,315.34,290.85,293.85,280.06,281.21,272.99,273.13,269.41;
477.62,485.81,467.04,447.43,451.41,440.89,418.12,402.67,382.87,355.92;
868.41,929.70,769.02,744.44,733.90,683.25,641.19,552.00,492.96,436.56;
813.57,740.13,719.08,628.40,669.09,629.82,588.53,534.84,488.19,413.71;
505.36,492.11,478.79,437.90,468.73,461.36,444.74,407.07,386.98,347.10;
396.63,410.04,400.46,366.53,378.90,368.97,372.22,363.32,352.25,336.90;

535.81,547.44,534.59,505.11,536.49,534.41,536.82,547.40,527.96,546.42;
576.98,561.26,562.95,524.10,570.57,554.14,557.43,565.02,577.03,569.28;
449.67,460.15,433.63,427.62,422.06,406.82,427.39,435.77,438.42,435.17;
844.33,884.80,771.47,720.02,781.68,780.59,798.83,836.25,837.91,847.58;
613.15,694.69,612.55,578.71,615.79,581.78,598.48,597.65,604.87,600.59;
429.18,460.15,426.49,402.36,418.79,401.09,409.47,395.91,404.74,397.48;
371.73,397.95,369.19,344.62,360.23,358.13,357.32,350.10,360.27,357.26;
758.52,763.27,684.86,662.00,730.75,726.46,718.39,715.98,713.25,692.11;
1008.04,1003.69,895.24,874.28,929.92,925.27,910.42,861.78,863.70,833.27;
519.03,548.26,494.33,447.88,476.28,470.82,477.95,496.13,485.21,488.73;
222.71,244.00,224.97,201.68,207.27,201.44,204.05,201.31,199.85,197.69;
455.36,485.10,446.03,403.13,420.98,422.16,425.57,418.41,418.94,420.47;
703.00,701.77,665.80,629.41,659.06,645.35,672.29,686.30,697.97,686.07;
734.03,665.73,655.76,616.50,674.98,659.46,664.87,651.20,720.01,725.56;
535.47,586.13,511.20,466.36,501.39,494.13,498.43,508.50,509.27,524.30;
233.19,250.79,240.73,221.53,224.06,219.36,223.76,219.79,224.95,218.30;
377.75,409.65,380.28,334.16,353.48,356.51,365.47,370.16,363.57,362.90;
491.46,502.68,475.92,412.24,451.67,464.22,481.38,484.21,492.34,469.91;
596.26,631.01,584.64,530.86,558.49,583.26,601.24,630.92,615.40,613.96;
445.92,475.20,436.87,387.25,409.39,427.08,434.92,426.18,431.85,427.43;
253.88,276.37,261.19,245.77,248.17,238.75,237.72,237.79,233.08,229.26;
350.41,365.95,352.29,312.24,335.67,316.67,311.24,302.74,299.18,278.47;
456.09,498.62,445.60,421.80,422.77,413.16,400.44,388.50,382.87,357.22;
378.70,401.11,381.31,342.63,356.40,346.53,337.33,338.02,324.75,303.57;
215.67,241.67,223.00,205.00,210.96,204.08,207.20,203.80,205.33,197.54;
474.50,519.62,475.00,461.54,440.23,429.21,443.50,423.69,434.93,435.85;
832.89,907.94,823.41,772.05,777.23,728.94,691.70,720.90,661.82,628.26;
749.36,697.31,730.02,644.23,707.11,650.29,665.85,685.33,633.61,636.43;
443.22,443.67,452.29,415.22,416.83,413.42,409.24,402.52,413.18,403.97;
221.19,249.56,232.12,216.92,218.83,209.44,211.30,206.89,204.49,202.87;
619.66,675.09,587.01,595.25,573.77,567.15,569.85,559.16,541.69,559.85;
924.94,994.29,837.24,802.69,861.45,784.38,807.46,797.30,867.77,884.93;
710.86,715.43,649.67,618.42,641.09,609.85,607.99,625.21,634.02,649.83;
360.96,384.94,358.57,341.31,342.94,329.90,330.85,321.69,319.90,321.46;
251.70,272.92,250.91,239.72,235.78,228.40,226.32,219.84,221.05,215.19;
522.56,509.29,502.28,485.54,477.09,458.20,449.90,431.17,404.03,365.94;
770.26,835.57,685.31,603.96,663.86,609.36,577.40,531.10,459.12,417.25;
475.20,494.58,464.15,418.63,443.09,432.87,432.55,412.00,393.15,363.09;
346.35,379.75,346.09,316.21,332.89,330.98,330.55,318.22,312.97,293.19;
493.26,506.24,478.45,455.81,457.69,438.96,441.31,419.72,405.67,375.69;

acquisizione 4, 2.6cm
518.84,578.74,532.09,521.42,507.83,502.73,512.51,514.45,519.72,535.77;
703.57,692.05,700.98,700.79,704.09,677.31,702.18,721.41,707.42,734.14;
662.09,675.94,638.51,601.33,671.54,646.25,658.12,652.87,706.79,726.74;
877.15,944.54,829.16,764.00,887.65,882.99,950.76,904.38,960.32,1019.84;
553.36,537.71,571.96,533.23,582.88,555.62,560.53,597.17,583.68,575.65;
400.47,412.43,401.18,385.80,379.46,367.80,376.86,368.64,366.84,358.66;
518.06,560.54,494.96,448.77,488.16,463.10,470.78,466.73,462.60,452.14;
1023.43,1092.58,850.62,738.85,854.32,834.60,838.38,775.82,775.13,696.75;
1054.25,912.48,908.24,884.43,882.92,860.74,825.36,774.98,765.19,707.11;
477.60,490.27,458.73,402.65,439.20,423.29,428.60,417.94,423.34,419.40;
273.58,295.56,274.49,247.90,261.01,256.21,259.67,255.18,253.61,253.07;
734.03,729.63,662.98,634.90,643.09,659.31,674.37,679.53,709.20,708.34;
1023.43,1049.54,916.92,859.46,931.06,997.33,1019.76,1054.52,1036.24,991.08;
833.90,812.10,710.84,679.38,689.17,709.48,747.38,811.09,773.63,821.49;
519.20,580.43,509.09,455.54,498.08,486.81,493.99,524.46,497.86,529.35;
398.12,438.80,397.86,365.93,377.77,382.45,399.05,390.77,383.28,381.20;
602.23,678.09,612.84,530.91,611.63,616.35,646.11,633.20,603.44,619.09;
694.00,687.25,627.04,537.27,592.92,717.85,784.17,717.53,687.69,659.04;
741.15,790.13,677.29,593.09,677.79,693.55,723.38,699.27,736.82,675.30;
413.08,441.01,414.71,389.72,387.62,401.13,405.30,407.15,419.31,406.64;
333.68,372.63,343.18,321.89,324.18,325.99,318.97,307.97,303.74,292.37;
525.39,534.62,493.86,450.55,472.21,441.85,415.36,387.83,357.06,315.74;
663.30,676.85,617.54,577.13,566.77,538.37,541.92,502.60,479.00,411.59;
532.32,575.26,502.73,472.82,476.38,443.67,433.54,423.46,406.75,360.82;
275.15,303.76,281.89,248.59,259.58,254.49,253.29,251.30,250.89,242.67;
418.38,419.47,429.13,414.80,399.31,381.47,390.03,392.35,390.55,387.37;
876.93,827.89,857.49,761.94,783.55,759.35,737.22,708.36,736.44,687.08;
950.51,965.47,910.23,932.48,889.88,859.64,897.80,848.59,847.36,780.27;
710.38,668.11,699.07,688.02,673.07,650.29,644.36,654.55,642.65,648.83;
373.78,383.69,384.28,372.96,368.72,353.12,353.93,358.57,358.02,356.02;
562.87,558.36,542.33,494.71,523.95,496.74,512.61,509.05,505.90,506.33;
936.70,921.82,830.02,858.89,823.03,804.08,841.67,781.80,826.94,842.73;
1004.14,937.30,877.06,844.08,853.36,834.60,835.45,845.66,905.47,908.76;
597.54,640.21,554.17,500.10,538.31,524.19,521.29,523.55,521.63,521.72;
332.54,364.89,330.04,297.87,310.95,299.08,300.66,295.02,293.30,286.39;
488.36,478.02,464.15,428.16,444.10,428.75,418.12,397.79,378.64,351.09;
869.92,773.85,736.91,721.07,717.83,680.07,616.10,506.37,474.40,404.20;
715.79,748.98,654.06,596.66,639.24,615.23,552.12,484.46,438.62,380.20;
511.64,506.40,492.47,443.94,490.02,479.15,458.48,427.78,379.28,336.08;
436.98,460.00,431.62,404.32,430.34,424.66,424.72,394.55,383.13,348.80;


acquisizione 5, 4.2 cm
507.16,502.02,511.11,470.07,485.76,475.89,487.17,479.20,480.50,481.40;
696.02,647.56,666.53,601.95,663.52,652.77,651.88,653.83,640.31,664.76;
586.56,571.00,576.63,582.96,548.43,549.95,559.87,569.92,591.92,590.71;
865.91,834.84,821.52,780.63,794.12,811.55,824.65,847.67,825.58,861.48;
561.64,600.49,566.33,525.48,584.96,546.99,563.39,534.43,553.43,559.73;
449.50,449.53,443.51,407.16,428.49,417.25,431.08,418.73,429.01,417.80;
498.69,545.84,484.87,454.02,499.91,478.84,489.38,471.82,492.23,475.65;
888.69,796.43,784.08,839.22,844.72,815.08,873.88,829.98,803.39,823.31;
1007.70,1007.09,910.23,832.09,942.96,926.12,915.60,892.58,870.31,833.27;
481.69,519.66,465.66,441.35,456.88,445.88,442.54,445.70,447.79,453.34;
296.41,315.91,295.92,265.51,280.66,275.91,278.96,269.71,271.85,272.64;
607.91,661.44,566.10,502.48,553.15,536.15,550.42,552.05,538.99,556.43;
876.93,823.98,807.66,678.21,781.68,782.83,781.58,809.32,802.39,806.52;
742.22,739.45,659.22,571.64,660.14,654.45,649.28,651.20,680.67,725.00;
503.73,555.62,494.57,440.92,473.31,472.58,483.02,486.62,479.91,490.60;
343.02,367.83,348.14,307.29,316.68,318.05,329.53,331.80,330.35,328.19;
514.12,569.20,509.29,450.43,487.17,511.53,531.28,538.64,518.25,513.22;
634.41,673.33,581.44,511.88,567.65,607.64,634.84,662.47,630.11,619.44;
732.64,670.72,677.11,663.55,684.75,701.91,768.46,759.93,747.56,742.07;
460.82,470.17,455.21,423.05,426.10,435.21,447.45,461.85,461.71,460.78;
316.25,355.27,323.76,294.59,311.34,299.63,299.24,299.21,287.89,275.99;
458.37,504.51,447.71,432.26,417.28,391.34,380.96,371.15,350.14,318.94;
599.07,591.37,575.02,508.81,547.74,530.95,508.96,469.70,440.39,392.81;
519.63,520.47,496.40,461.83,472.56,438.25,438.55,412.55,392.06,358.42;
298.22,309.53,300.79,276.70,295.26,275.35,271.63,267.20,265.24,257.74;
446.14,482.69,455.96,452.71,424.42,405.24,412.43,422.26,426.13,424.85;
876.93,794.95,857.49,857.38,800.80,734.87,732.97,720.90,719.05,653.67;
864.20,799.69,843.45,855.47,811.91,772.82,804.19,765.88,753.55,738.52;
586.27,563.56,590.30,556.85,558.49,545.03,545.06,534.45,531.87,546.77;
320.60,355.87,335.36,307.06,308.61,297.93,300.75,302.59,297.73,301.86;
572.41,612.65,550.56,488.63,504.53,482.91,490.90,479.22,485.44,471.45;
898.62,944.82,778.81,698.70,755.47,696.25,717.31,697.68,696.28,684.19;
812.34,805.26,719.29,638.73,666.85,665.02,630.52,632.44,618.01,647.84;
500.22,525.53,466.12,418.29,430.07,400.48,403.73,396.94,397.26,386.38;
314.05,332.77,305.37,271.51,278.42,266.94,266.08,256.34,255.16,249.21;
493.83,491.56,482.03,455.55,478.44,452.28,441.27,411.20,395.24,343.21;
786.86,840.29,713.15,697.20,709.07,640.90,595.62,526.34,468.11,404.55;
628.24,635.23,585.89,541.34,579.66,546.66,529.46,469.18,418.80,359.75;
466.36,480.45,447.64,406.22,465.56,453.71,432.70,387.63,363.04,321.85;
474.30,469.71,469.44,431.79,466.89,450.85,452.72,427.87,394.02,358.13;

acquisizione 6, 6.0cm
548.27,567.06,549.70,543.93,524.00,506.60,515.85,518.96,543.93,533.54;
586.80,571.06,578.35,536.85,592.16,543.63,578.12,566.03,584.74,569.99;
452.51,491.58,446.94,414.31,448.24,423.46,433.54,442.09,439.50,451.58;
844.26,879.19,788.62,717.66,792.06,787.30,824.03,822.83,873.41,873.15;
636.52,673.25,621.41,578.71,610.44,595.22,621.13,642.23,617.10,639.46;
428.98,440.07,423.69,391.44,411.24,399.82,400.51,392.15,396.20,397.63;
373.78,406.05,368.49,344.75,365.62,347.49,358.98,358.39,355.17,353.13;
766.78,735.97,689.72,633.86,703.47,701.91,721.03,677.70,689.42,659.83;
1022.96,1016.16,919.25,940.00,883.73,889.42,876.86,830.58,818.86,790.62;
518.61,569.03,493.86,441.87,482.81,467.14,468.60,487.68,474.55,467.97;
225.06,249.10,229.51,209.79,212.40,205.66,206.13,206.12,204.14,200.76;
462.11,465.61,452.74,402.81,428.25,425.47,431.39,441.03,437.00,424.32;
703.00,770.31,687.51,600.96,687.22,698.83,695.59,692.22,692.61,709.25;
734.20,733.22,646.29,617.09,633.42,654.45,655.60,680.96,650.66,715.78;
535.93,542.45,518.42,469.41,511.52,503.17,506.44,504.74,514.53,535.07;
238.27,257.12,246.57,229.65,231.50,227.51,231.52,227.96,225.84,223.41;
379.87,397.15,386.17,362.52,363.28,365.61,376.24,369.84,371.54,360.69;
494.74,547.60,473.60,458.23,467.97,483.49,494.00,495.05,492.04,489.39;
606.95,640.47,601.83,571.96,574.04,606.21,645.62,642.23,633.28,642.78;
449.10,463.57,441.42,401.80,412.86,429.25,441.21,435.47,453.02,443.23;
258.95,280.65,267.16,242.54,250.72,236.73,244.27,242.51,240.87,228.90;
354.54,369.54,352.19,322.27,328.21,312.98,314.30,309.75,295.87,274.10;
465.04,467.31,446.27,399.36,425.51,409.50,403.88,382.26,371.67,352.43;
385.40,389.95,382.67,337.59,361.13,343.97,337.02,329.84,319.26,305.61;
219.85,245.80,226.35,206.06,211.57,205.90,206.60,207.69,205.81,199.03;
474.26,492.61,479.77,459.01,445.88,431.43,435.32,427.92,439.56,442.70;
843.28,797.14,823.41,859.10,792.94,714.26,706.10,673.24,673.32,669.53;
748.25,702.60,740.67,689.61,688.71,679.19,687.02,683.20,687.53,657.79;
446.14,493.00,460.35,407.24,426.42,419.05,419.63,425.07,419.56,421.15;
222.64,250.05,233.48,220.04,218.84,210.45,212.05,212.06,208.27,207.56;
631.03,706.34,602.96,541.32,609.14,567.15,577.42,537.77,575.25,565.28;
936.70,955.12,829.00,787.50,877.54,846.68,835.13,841.32,816.05,889.65;
726.14,776.80,647.92,660.92,661.77,653.56,642.55,632.98,651.46,668.38;
364.92,407.19,354.00,362.51,352.70,339.17,336.22,330.97,320.55,322.93;
256.47,284.26,255.30,247.92,243.75,234.78,231.43,227.67,223.30,219.69;
522.56,552.52,496.07,448.89,469.18,443.72,433.54,427.31,399.95,365.94;
761.64,758.09,702.71,634.53,658.36,609.45,589.21,550.41,487.49,425.45;
489.29,535.92,473.32,446.31,455.76,437.79,440.70,414.26,392.65,365.63;
348.38,386.57,348.76,336.09,350.52,335.27,336.99,333.83,318.43,299.72;
496.87,537.60,485.30,462.87,469.20,455.48,454.94,437.98,417.81,386.11;


acquisizione 7, data 7.5cm
608.13,588.63,604.50,620.22,601.85,614.64,611.93,629.94,631.65,668.82;
465.13,472.79,472.12,478.00,466.95,446.10,465.25,461.85,459.38,465.44;
319.32,348.10,325.29,308.78,321.39,311.43,310.83,318.56,309.83,318.04;
696.21,657.25,686.68,680.52,734.41,685.35,720.56,684.36,739.87,770.74;
718.21,790.13,705.21,687.54,732.37,700.25,737.38,752.63,743.88,778.72;
365.72,412.66,373.50,344.75,349.96,335.70,331.82,337.70,339.06,332.70;
271.10,289.59,273.84,243.50,256.96,248.12,253.51,252.13,253.34,245.96;
612.01,649.23,568.60,498.80,553.69,536.24,542.65,535.28,510.99,504.44;
949.01,887.42,884.27,879.31,805.74,804.84,788.08,793.20,715.72,697.68;
590.24,566.68,547.52,514.27,513.93,496.93,518.56,507.69,512.95,486.51;
150.81,169.15,156.29,142.62,144.71,139.34,138.81,137.05,135.11,132.01;
333.59,372.75,336.10,305.48,314.30,308.17,307.11,306.82,303.25,302.48;
581.52,611.01,546.45,482.90,533.82,526.03,550.63,563.64,565.62,560.66;
711.01,658.94,629.35,540.19,610.12,614.98,617.70,617.65,633.52,693.56;
597.54,652.54,575.54,530.66,536.51,543.20,556.18,577.63,593.13,587.69;
147.60,163.21,155.23,139.16,138.89,136.96,137.97,135.87,137.02,134.07;
257.52,274.60,265.81,234.33,246.82,244.15,248.10,241.22,245.84,241.34;
357.99,382.21,357.16,315.00,341.83,347.10,361.14,361.89,360.79,343.59;
477.85,508.08,477.99,428.16,444.80,462.42,487.55,483.18,490.97,492.70;
380.43,420.94,380.53,352.89,358.10,367.40,370.46,381.18,373.33,377.27;
174.71,192.40,183.21,166.07,170.29,164.13,164.52,161.86,159.78,156.84;
244.30,258.86,250.50,231.94,233.89,230.48,234.55,229.13,222.83,213.24;
326.88,369.84,332.01,319.46,317.43,309.83,311.35,304.58,297.07,284.81;
272.42,290.58,283.62,259.94,269.28,258.70,259.99,253.07,248.20,238.97;
149.48,170.12,156.20,143.34,147.11,141.38,143.32,140.34,138.97,135.60;
448.87,491.37,456.57,413.90,438.45,412.59,419.19,410.19,412.46,407.23;
702.24,762.20,695.59,697.77,660.69,633.35,612.50,606.26,584.03,553.52;
601.56,595.30,593.92,531.32,548.18,521.55,525.17,546.14,530.57,522.84;
318.97,344.66,335.83,318.80,311.61,299.87,295.95,289.50,292.88,291.32;
138.65,155.33,148.39,138.54,136.19,129.92,130.10,129.50,127.68,124.24;
726.26,666.52,674.72,591.09,645.64,630.65,640.06,646.22,654.65,678.70;
888.08,856.29,799.43,798.50,805.50,767.50,774.52,822.16,793.39,860.19;
582.21,624.22,550.23,486.99,519.93,497.92,514.18,532.55,519.63,531.39;
250.66,280.63,254.83,230.94,234.43,225.71,224.54,222.04,223.43,215.25;
172.78,186.19,176.28,161.79,161.96,154.84,155.09,151.02,152.01,147.93;
597.03,626.12,570.48,562.78,556.37,505.72,490.18,461.32,427.69,388.41;
728.03,763.53,669.06,616.37,658.36,622.30,585.03,525.63,464.45,428.94;
350.89,397.70,361.07,328.76,345.76,336.73,327.80,323.22,311.35,296.25;
244.18,258.44,249.29,228.62,239.89,234.20,236.34,232.21,228.36,222.22;
471.90,481.90,463.30,448.43,447.31,434.17,431.39,431.02,392.88,371.66;


acquisizione 8, 9.0cm
696.21,758.86,669.59,680.02,707.82,706.40,724.22,745.03,707.42,770.07;
392.17,435.53,397.61,393.27,383.99,384.26,377.90,373.10,373.77,367.75;
242.46,269.56,243.04,222.19,229.72,220.79,220.30,218.97,214.62,214.63;
597.75,639.16,571.33,558.89,622.32,574.92,602.45,592.73,606.01,616.64;
843.74,924.90,825.37,878.16,909.06,940.48,916.02,898.31,946.50,1006.36;
316.76,355.95,323.60,306.85,311.35,301.90,303.87,297.13,293.93,283.23;
200.35,224.43,204.43,182.94,188.73,184.07,185.68,184.78,184.64,181.56;
489.71,528.28,467.04,416.30,390.58,447.85,460.04,462.97,452.08,455.81;
964.85,890.29,919.11,851.80,967.68,912.40,921.30,869.90,900.61,866.18;
681.97,621.98,631.65,602.12,639.24,646.61,655.60,649.87,655.06,667.57;
101.77,115.67,107.09,98.95,98.28,94.82,94.77,93.30,92.57,89.33;
247.45,259.75,249.32,230.52,233.81,224.88,227.61,225.74,223.37,220.02;
506.95,563.92,492.56,428.60,470.09,470.94,483.77,505.51,484.55,494.19;
718.41,741.59,623.23,576.68,584.47,604.55,607.71,611.12,621.54,657.22;
696.32,659.52,638.66,568.44,603.50,626.80,626.49,654.59,651.46,664.76;
94.14,106.69,99.86,91.16,89.21,85.70,86.97,85.80,85.55,82.95;
195.23,211.94,202.76,183.49,180.11,179.55,182.31,180.29,178.22,177.00;
289.96,323.39,293.92,259.17,264.02,265.83,277.62,280.38,276.16,277.08;
407.91,428.11,396.73,342.92,348.60,369.55,389.70,390.50,405.57,402.19;
328.50,348.10,332.12,302.88,293.76,298.76,306.76,301.49,307.87,303.17;
116.99,129.91,124.76,113.73,114.35,110.31,110.96,108.69,107.49,104.47;
176.81,191.84,182.72,166.31,169.09,163.61,164.53,160.41,162.25,158.59;
245.30,261.23,252.83,234.04,232.25,227.23,230.83,227.75,229.67,222.88;
199.62,224.11,206.80,193.40,193.52,187.30,187.28,187.20,184.08,181.41;
102.80,116.68,108.25,99.10,98.91,95.00,95.61,94.58,94.97,91.88;
391.02,433.50,397.16,390.25,370.05,357.39,358.11,353.55,353.19,344.16;
560.54,565.48,568.60,524.35,551.17,512.24,503.38,484.36,487.64,465.66;
470.41,496.52,475.92,465.22,443.04,424.27,428.14,416.72,416.69,411.66;
239.95,265.81,250.47,230.91,236.61,222.91,223.89,221.88,221.20,216.16;
88.06,99.79,94.03,86.49,86.63,82.66,82.50,80.73,80.12,77.27;
813.28,790.13,743.57,678.60,699.13,685.65,714.41,745.03,762.25,745.68;
899.34,914.26,814.71,726.05,792.94,823.32,824.65,788.80,850.31,886.07;
511.48,549.08,502.84,449.71,466.18,464.26,456.31,445.69,449.37,461.30;
185.49,205.91,189.48,175.63,174.98,167.36,167.38,163.77,162.34,157.66;
115.45,128.58,119.88,108.59,110.16,104.43,104.60,102.70,101.91,98.23;
688.17,742.68,649.98,593.42,638.75,587.45,561.81,505.03,456.41,407.09;
736.90,693.96,672.67,684.66,657.85,625.45,589.38,531.71,478.46,421.35;
284.96,310.99,290.84,270.05,279.91,276.54,273.88,266.55,259.98,247.98;
175.50,198.20,183.06,174.40,173.06,169.00,170.10,166.42,167.87,163.18;
401.00,446.86,401.98,393.03,398.48,383.55,376.50,374.74,359.29,341.15;


seconda prova diverse misure, calibrazione 0412
baseline 2
1420.08,1224.11,1254.60,1381.94,1355.68,1409.67,1428.58,1475.45,1506.01,1607.15;
2553.33,2347.53,2142.19,2139.13,2313.06,2406.85,2439.91,2481.58,2766.46,2841.76;
2623.01,2082.43,2014.77,2210.85,2317.73,2421.21,2450.55,2641.26,2766.77,2992.52;
3106.89,2312.86,2497.41,2954.24,2852.15,3065.85,3191.22,3314.00,3261.43,3789.21;
1755.21,1607.39,1519.29,1543.06,1651.63,1724.21,1761.54,1829.60,1829.89,2010.72;
1470.33,1241.40,1302.19,1317.35,1385.54,1460.66,1470.20,1507.65,1539.14,1588.20;
2118.52,1712.08,1700.70,1914.90,1968.41,2071.05,2021.07,2025.02,2089.10,2108.26;
3307.01,2402.85,2575.69,2684.34,3130.47,3265.38,3289.75,3177.59,3030.57,2842.42;
2588.53,2177.21,2181.13,2656.96,2547.53,2556.58,2560.28,2548.94,2383.72,2437.49;
1297.76,1091.66,1117.45,1156.33,1240.84,1273.65,1348.94,1339.28,1325.57,1425.47;
1007.73,883.20,853.69,896.92,939.37,943.75,964.23,962.57,1040.81,1090.38;
2348.35,2050.05,1856.65,1957.60,2090.04,2278.42,2359.68,2260.72,2431.13,2793.19;
2524.64,2093.05,2118.53,2211.00,2407.54,2480.09,2640.99,2602.09,2733.67,3017.27;
1999.62,1776.40,1552.01,1536.36,1708.39,1751.20,1814.39,1912.94,1998.79,2206.44;
1421.77,1310.83,1196.47,1248.64,1307.69,1402.90,1397.63,1443.09,1538.77,1584.33;
1175.98,1005.37,1032.24,1096.12,1105.03,1196.16,1224.22,1228.15,1261.91,1338.30;
2101.02,1716.91,1825.93,1800.98,1905.07,2210.58,2146.05,2355.14,2366.47,2410.88;
2430.57,2180.60,1878.19,2000.19,2001.08,2308.47,2415.09,2481.58,2524.12,2744.03;
2617.49,2063.74,2112.71,2154.80,2379.89,2616.64,2817.60,2853.69,3076.27,3124.12;
1493.47,1372.92,1254.60,1283.64,1306.90,1423.72,1475.52,1594.52,1662.61,1758.95;
1145.11,999.02,1008.93,1043.07,1089.06,1127.70,1137.85,1117.33,1136.00,1140.14;
1956.19,1696.51,1548.65,1715.62,1645.13,1592.46,1506.12,1388.76,1309.24,1187.08;
2772.98,2028.70,2086.02,2361.99,2217.52,2157.97,1941.56,1707.16,1620.46,1462.65;
2248.99,1686.35,1813.17,1926.12,1965.03,1847.23,1757.19,1587.20,1508.44,1369.15;
1022.83,893.54,919.93,970.88,1003.99,1029.47,1031.86,1056.17,1028.37,1066.40;
1460.46,1196.23,1302.19,1314.78,1379.01,1426.32,1408.80,1461.37,1502.32,1603.56;
3205.90,2593.87,2757.50,2707.29,3000.49,2714.26,2734.69,2773.95,2659.13,2644.96;
3255.91,2703.41,2754.64,2790.18,2840.68,2791.47,2885.07,2806.35,2825.57,2730.08;
2403.74,2204.37,2064.04,2123.66,2183.72,2177.80,2165.54,2243.84,2245.51,2385.91;
1119.15,1054.73,1029.91,1031.08,1061.72,1077.33,1103.44,1125.61,1169.90,1232.69;
1711.62,1510.51,1466.77,1513.74,1562.92,1569.65,1619.50,1674.87,1692.79,1773.39;
2546.62,1992.99,1973.69,2216.05,2160.45,2216.93,2227.20,2177.55,2323.40,2537.00;
2584.07,2368.15,2068.86,2053.83,2268.00,2265.49,2237.32,2426.17,2518.56,2704.51;
2039.70,1809.26,1661.48,1770.29,1746.20,1790.03,1860.48,1780.08,1838.64,2026.92;
1109.58,966.39,917.05,970.95,991.04,998.10,990.62,999.48,1021.02,1035.04;
1280.84,1197.44,1126.43,1150.45,1229.09,1270.82,1248.01,1261.21,1230.03,1181.66;
2045.65,1711.10,1659.98,1669.49,1722.09,1736.26,1677.13,1582.56,1521.72,1437.75;
2339.98,1781.42,1863.51,1875.76,1926.33,1910.48,1830.66,1737.94,1613.80,1473.32;
1858.51,1624.54,1510.97,1497.75,1628.68,1568.97,1509.96,1435.47,1335.93,1300.02;
1517.55,1318.93,1272.98,1238.22,1367.35,1389.52,1385.52,1395.93,1348.45,1371.08;

2.4cm 2
1461.68,1383.45,1274.96,1410.97,1358.06,1425.97,1460.82,1478.15,1544.86,1689.54;
2403.74,2161.68,2021.06,2074.31,2226.96,2286.68,2329.03,2469.72,2728.08,2902.11;
2265.77,1720.10,1832.71,1898.84,1986.70,2106.01,2167.39,2311.47,2384.11,2799.84;
2885.31,2270.11,2319.17,2727.32,2782.44,2937.14,2996.77,2919.28,3240.07,3707.63;
1818.90,1637.33,1522.61,1678.99,1639.83,1738.90,1762.69,1863.04,1926.35,2076.30;
1438.22,1256.52,1249.51,1323.02,1357.52,1402.82,1405.33,1393.04,1442.58,1525.73;
1796.17,1593.63,1510.36,1584.74,1815.61,1842.53,1785.66,1891.81,1895.08,1893.23;
2919.47,2152.21,2370.99,2577.99,2944.04,3065.85,2930.48,2832.79,2683.39,2641.48;
2728.35,2371.46,2198.79,2379.90,2665.21,2625.71,2591.13,2596.35,2457.97,2444.23;
1351.14,1261.99,1161.47,1226.27,1304.72,1353.54,1366.88,1416.68,1376.50,1472.72;
924.57,804.61,805.55,823.06,871.63,900.44,911.01,930.68,952.24,1030.00;
2148.15,1686.86,1722.64,1745.49,1955.82,2051.85,2120.37,2130.28,2295.26,2453.37;
2524.45,2316.27,2118.53,2102.07,2382.43,2485.72,2655.54,2660.05,2886.89,2938.16;
2125.90,1763.67,1633.61,1660.89,1778.41,1870.57,1986.84,2051.37,2211.42,2346.03;
1473.26,1339.03,1252.96,1311.31,1395.29,1419.38,1458.90,1510.72,1596.39,1652.59;
1203.90,1059.25,1044.50,1011.35,1086.22,1191.51,1195.41,1223.02,1269.66,1357.55;
1996.20,1718.23,1677.26,1654.58,1824.93,2016.68,2027.69,2191.77,2137.13,2293.45;
2293.80,1749.11,1765.86,1754.69,1963.40,2115.23,2280.71,2329.40,2459.26,2564.88;
2428.99,1923.06,1958.00,1868.42,2159.36,2428.59,2609.09,2605.10,2760.36,3028.87;
1428.08,1223.15,1220.87,1245.56,1272.19,1383.86,1420.49,1520.52,1588.51,1714.67;
1084.10,958.47,959.05,1033.36,1042.74,1075.97,1075.80,1105.72,1074.33,1092.98;
1670.10,1426.64,1410.10,1474.21,1515.69,1506.32,1392.12,1293.72,1241.58,1171.52;
2344.55,1816.29,1858.84,1859.37,2002.48,1940.01,1733.75,1675.67,1523.20,1415.06;
1873.81,1537.32,1599.82,1714.68,1716.55,1683.48,1590.97,1481.42,1442.71,1334.29;
954.48,837.01,845.17,915.33,932.27,938.59,948.62,969.75,974.22,992.26;
1408.95,1183.16,1272.14,1265.77,1333.21,1347.01,1370.33,1407.28,1484.97,1558.92;
3014.50,2239.45,2574.76,2490.51,2612.61,2661.67,2604.88,2548.94,2521.56,2510.24;
2926.82,2263.24,2549.69,2861.03,2665.21,2625.71,2592.84,2679.52,2607.38,2688.61;
2124.96,1918.87,1877.47,2008.01,2011.61,1995.47,2005.31,2024.67,2146.79,2233.04;
1138.02,1079.25,1042.17,1034.64,1079.92,1084.41,1122.66,1131.92,1192.84,1254.98;
1756.27,1650.62,1508.48,1648.17,1628.92,1686.61,1708.91,1720.89,1811.99,1888.24;
2681.30,2205.91,2083.54,2078.84,2233.08,2372.67,2429.61,2516.39,2461.41,2938.16;
2651.79,2069.41,2092.00,2261.44,2306.27,2242.27,2292.09,2487.03,2552.74,2858.86;
1905.31,1567.08,1552.73,1605.21,1651.63,1735.19,1721.62,1760.84,1800.99,1945.63;
1051.42,943.89,900.71,911.19,971.67,982.93,992.64,1007.07,1017.96,1073.49;
1316.26,1157.71,1152.41,1190.09,1252.90,1287.58,1294.68,1272.53,1276.82,1227.95;
2173.75,1803.15,1749.90,1873.22,1819.48,1829.64,1733.39,1612.09,1572.24,1473.46;
2213.59,1776.40,1741.17,1856.39,1925.27,1879.37,1803.46,1645.23,1496.33,1410.61;
1660.20,1506.59,1362.66,1377.19,1506.78,1537.55,1481.72,1411.65,1352.59,1283.91;
1472.25,1213.61,1244.13,1312.66,1374.80,1377.98,1370.36,1358.99,1313.54,1325.17;

4.2cm 2
1494.61,1390.34,1315.14,1375.94,1451.45,1474.30,1512.08,1559.26,1636.01,1716.71;
2147.54,1940.06,1764.13,1777.42,1950.51,2060.73,2123.58,2308.67,2416.51,2625.87;
1835.80,1646.62,1515.28,1611.69,1718.19,1763.46,1800.02,1859.19,1987.79,2284.42;
2729.34,2270.11,2153.30,2610.28,2499.17,2611.53,2690.29,2598.84,3044.35,3748.13;
1923.54,1719.83,1572.65,1814.82,1716.55,1819.39,1853.67,1941.31,2096.53,2283.04;
1360.21,1280.49,1180.74,1304.25,1288.46,1326.05,1318.05,1342.64,1429.17,1488.90;
1523.80,1292.47,1300.23,1437.86,1505.86,1570.50,1551.30,1561.80,1630.71,1646.02;
2720.42,2433.06,2144.08,2292.71,2672.11,2655.27,2622.62,2561.03,2370.12,2285.63;
2925.89,2537.21,2366.63,2447.84,2753.93,2612.99,2725.30,2623.38,2459.90,2510.93;
1428.08,1212.91,1232.81,1273.40,1376.51,1395.96,1448.41,1481.05,1450.94,1526.40;
839.19,793.12,749.38,743.24,804.86,818.95,838.43,855.20,876.17,927.22;
1819.27,1701.52,1534.62,1513.74,1724.70,1766.98,1847.37,1853.56,1915.18,2116.86;
2432.69,2086.23,1987.71,2089.33,2463.44,2491.59,2552.10,2720.63,2714.09,2911.72;
2241.91,1760.52,1723.83,1650.68,1904.79,1977.23,2107.68,2163.60,2235.10,2477.46;
1528.99,1278.76,1298.34,1434.86,1457.78,1473.90,1511.75,1552.68,1617.52,1772.10;
1041.45,911.04,915.18,904.63,927.00,1003.32,1026.00,1076.57,1095.36,1129.35;
1663.51,1380.86,1421.51,1391.64,1462.13,1557.63,1639.85,1671.01,1729.75,1813.39;
1956.38,1826.91,1568.63,1489.90,1620.27,1898.07,1985.63,2063.25,2069.85,2217.09;
2289.81,1745.26,1839.48,1877.17,1881.18,2216.48,2420.43,2479.20,2600.23,2676.59;
1351.83,1231.93,1172.33,1178.17,1278.32,1403.42,1427.81,1530.56,1621.94,1700.25;
945.61,846.24,855.89,855.99,879.68,916.36,930.96,926.42,948.50,970.56;
1386.49,1237.53,1162.90,1225.53,1203.11,1242.44,1221.18,1181.21,1130.70,1126.13;
1869.31,1676.01,1559.37,1638.36,1702.58,1767.06,1610.13,1508.04,1476.85,1343.71;
1574.59,1423.34,1326.23,1431.92,1471.93,1463.68,1408.41,1371.83,1275.38,1250.00;
859.73,775.95,779.39,795.60,838.71,851.81,858.64,878.28,891.41,901.39;
1399.85,1302.17,1254.04,1268.40,1348.54,1344.09,1360.60,1436.48,1451.65,1541.23;
2885.01,2478.49,2478.68,2501.69,2428.25,2523.35,2469.51,2520.93,2388.83,2475.70;
2692.71,2065.59,2331.55,2419.26,2452.47,2507.97,2471.20,2431.26,2459.69,2505.45;
1754.62,1646.62,1588.19,1602.41,1689.47,1718.24,1761.84,1796.00,1918.03,1976.42;
968.16,860.53,892.83,923.44,941.47,945.92,949.37,964.27,1010.12,1063.53;
1852.95,1502.48,1581.18,1722.18,1679.96,1700.16,1783.28,1736.60,1802.35,1978.66;
2788.00,2090.65,2148.67,2363.39,2292.06,2431.71,2406.27,2589.42,2692.10,2816.84;
2549.26,2180.60,1980.45,1928.51,2077.28,2076.87,2212.20,2246.89,2457.32,2654.38;
1590.13,1487.93,1317.89,1384.90,1452.36,1498.43,1495.52,1501.84,1521.67,1641.33;
926.12,802.54,790.26,805.03,837.75,836.90,854.46,850.94,877.61,911.94;
1409.77,1269.65,1233.19,1222.82,1333.98,1383.86,1368.31,1319.85,1309.33,1230.39;
2221.08,1785.95,1829.02,1841.25,1922.59,1852.31,1793.93,1612.98,1505.62,1445.56;
1898.81,1535.23,1580.04,1711.87,1721.81,1716.93,1642.02,1553.64,1481.34,1440.55;
1361.94,1157.87,1153.45,1188.68,1268.22,1331.96,1256.33,1245.71,1183.60,1140.53;
1472.25,1295.65,1238.09,1233.85,1354.34,1366.59,1339.02,1350.06,1322.62,1317.09;

6.0cm 2
1590.13,1403.13,1399.49,1578.43,1556.60,1631.45,1573.12,1616.33,1754.92,1855.94;
1797.52,1585.52,1563.90,1751.83,1715.94,1738.90,1779.24,1835.81,1924.59,2135.79;
1390.79,1233.20,1180.74,1254.72,1335.13,1349.78,1396.98,1460.79,1558.92,1648.87;
2729.10,2310.11,2103.74,2279.04,2464.45,2605.97,2732.12,2861.65,2939.45,3378.09;
2019.31,1622.57,1738.80,1884.87,1914.90,2023.30,2015.66,2052.60,2166.96,2334.16;
1291.48,1208.10,1140.14,1171.68,1237.46,1244.19,1245.59,1301.77,1294.78,1362.36;
1149.91,1007.28,996.48,1086.68,1117.94,1136.30,1152.80,1165.15,1263.63,1305.88;
2400.17,1854.37,1945.30,2173.15,2363.39,2365.43,2459.67,2332.28,2383.52,2486.53;
3014.16,2630.08,2458.32,2667.00,2934.14,2887.72,2836.26,2882.86,2696.91,2730.08;
1503.86,1326.21,1295.45,1338.07,1492.32,1526.25,1517.73,1525.03,1612.89,1695.64;
649.74,588.30,577.02,577.25,610.50,626.10,625.61,636.17,651.82,686.94;
1440.85,1177.49,1219.50,1249.36,1324.26,1367.84,1389.11,1429.33,1505.62,1593.62;
2125.90,1946.12,1800.59,1827.12,2053.13,2238.60,2222.27,2306.74,2389.03,2551.31;
2194.82,1669.02,1633.91,1803.24,1879.57,1913.14,1978.65,1990.08,2161.39,2509.10;
1602.75,1466.63,1370.72,1362.82,1548.75,1596.93,1607.97,1681.72,1762.79,1897.96;
749.55,695.33,666.20,680.04,684.03,717.53,738.05,758.68,779.40,816.13;
1203.90,1053.75,1058.80,1052.38,1101.42,1213.10,1253.82,1346.47,1314.03,1392.94;
1524.80,1361.92,1280.64,1219.50,1350.62,1512.08,1578.93,1588.79,1707.29,1753.00;
1974.05,1607.77,1579.45,1655.55,1599.91,1863.93,1928.58,2106.50,2102.95,2267.86;
1274.63,1127.60,1093.34,1156.39,1158.84,1291.22,1330.93,1385.01,1466.02,1575.81;
804.10,749.01,734.90,769.81,790.44,798.55,815.33,828.78,832.90,850.83;
1078.57,940.05,951.98,948.13,966.39,996.39,984.79,986.02,1001.74,995.89;
1452.58,1205.54,1207.48,1173.84,1261.04,1304.77,1275.18,1266.86,1253.03,1270.37;
1158.14,1080.64,997.19,1041.63,1064.32,1096.27,1119.33,1104.88,1100.41,1110.26;
646.68,610.59,588.62,613.95,626.82,636.83,650.32,661.48,672.72,689.26;
1471.07,1330.55,1334.73,1420.91,1421.54,1416.55,1449.26,1513.47,1485.54,1604.21;
2692.00,2017.41,2331.55,2367.62,2439.09,2393.86,2374.35,2520.93,2367.05,2412.51;
2293.80,1862.54,2064.52,2190.42,2202.87,2200.65,2161.00,2156.15,2295.26,2316.14;
1380.75,1314.53,1243.39,1325.96,1301.54,1351.65,1366.56,1395.08,1455.07,1533.19;
708.43,671.08,662.66,676.64,681.32,688.29,687.29,717.46,723.02,752.37;
2039.18,1600.62,1637.20,1688.71,1797.54,1854.39,1851.09,1913.24,1970.30,2115.35;
2954.56,2399.22,2168.47,2235.87,2331.24,2512.70,2439.10,2652.86,2755.50,2966.48;
2218.93,1914.90,1818.73,1851.80,1913.40,2031.01,1991.24,2131.51,2214.71,2387.88;
1208.87,1110.67,1030.37,1087.36,1073.83,1106.95,1106.94,1114.61,1154.04,1201.25;
794.55,691.17,681.58,699.99,706.49,716.58,719.58,718.38,734.38,760.36;
1528.95,1307.09,1320.68,1405.47,1416.31,1468.57,1422.42,1422.98,1357.44,1288.47;
2248.99,1809.65,1823.77,1987.22,1966.46,1914.86,1805.43,1690.85,1639.06,1501.09;
1503.32,1355.57,1296.46,1308.29,1397.12,1400.05,1365.45,1330.26,1285.21,1271.32;
1066.43,914.41,937.59,1002.50,1054.02,1075.14,1079.99,1040.78,1008.33,1009.55;
1562.53,1363.91,1327.67,1408.36,1437.08,1467.37,1431.08,1452.01,1373.68,1356.25;

7.5cm 2
1740.55,1575.58,1582.10,1733.16,1717.37,1796.15,1829.54,1835.81,1969.53,2097.35;
1471.07,1253.41,1297.14,1361.60,1386.29,1395.74,1418.57,1489.24,1514.08,1652.00;
992.23,882.11,874.65,915.22,941.58,965.56,994.45,1026.77,1054.11,1152.44;
2218.26,1894.52,1889.53,2014.40,2073.43,2112.91,2247.58,2254.18,2459.26,2745.83;
2244.13,1795.14,1912.34,2073.36,2163.30,2215.89,2234.35,2315.16,2448.78,2743.13;
1137.01,1027.94,1007.04,1028.17,1082.94,1089.37,1115.11,1123.41,1157.80,1200.45;
827.77,774.22,730.04,761.21,800.04,821.35,844.71,849.35,882.85,934.71;
1919.28,1520.73,1568.63,1819.69,1783.12,1838.71,1895.99,1869.41,2020.50,2037.99;
2926.82,2346.17,2392.61,2500.02,2934.14,2857.71,2817.60,2882.86,2836.40,2765.83;
1723.17,1582.03,1458.35,1595.23,1651.15,1716.65,1701.49,1776.56,1799.47,1954.44;
456.29,421.11,411.25,414.58,428.60,433.10,435.09,443.03,449.59,466.57;
1039.42,920.64,903.41,922.74,949.06,985.46,980.13,1017.05,1029.44,1100.02;
1802.67,1653.93,1520.20,1548.52,1643.76,1674.15,1715.73,1845.65,1905.50,1987.24;
2146.69,1661.33,1664.31,1681.52,1739.37,1838.71,1866.91,2060.26,2066.14,2270.56;
1787.36,1641.55,1489.28,1556.94,1596.62,1692.85,1758.41,1839.07,1829.10,1978.66;
477.03,455.08,432.86,432.04,440.22,457.89,465.43,479.12,489.95,511.76;
816.82,773.88,738.33,726.40,753.17,821.57,837.66,867.11,879.66,926.53;
1117.66,1001.15,983.91,949.96,991.81,1100.50,1156.94,1227.94,1244.49,1336.57;
1515.12,1311.24,1305.34,1284.54,1348.77,1514.01,1593.57,1765.83,1817.44,1900.94;
1143.95,1042.13,993.09,998.91,1017.03,1117.68,1181.32,1197.27,1276.82,1361.48;
550.30,504.78,506.87,515.72,538.79,549.54,556.45,563.76,569.88,584.11;
758.41,676.92,676.15,697.21,717.08,739.64,729.77,745.34,756.83,777.90;
1027.34,897.57,916.18,950.38,962.21,995.94,1005.76,1015.27,1032.87,1042.17;
821.15,756.65,745.04,744.41,805.53,812.08,827.39,831.61,849.00,887.13;
453.04,430.17,415.83,427.46,435.08,440.93,445.13,455.88,464.85,481.69;
1408.23,1231.14,1272.98,1298.56,1352.34,1357.61,1355.03,1367.23,1476.85,1538.96;
2240.67,1819.36,1959.03,2065.93,2015.23,2016.68,1974.87,2056.42,2078.11,2040.20;
1850.15,1690.01,1658.98,1779.59,1716.55,1726.58,1722.48,1792.96,1787.46,1877.41;
981.45,929.52,913.00,956.09,966.97,972.17,973.03,1006.71,1019.30,1064.04;
443.95,413.21,413.59,430.03,430.79,432.71,435.17,448.43,456.89,470.68;
2216.12,1949.51,1818.73,1777.80,1953.81,2040.77,2038.51,2206.73,2225.47,2394.02;
2998.18,2627.22,2199.37,2344.12,2348.28,2431.71,2428.41,2589.42,2733.08,2982.87;
1741.07,1564.61,1482.87,1536.36,1604.50,1658.65,1661.31,1769.59,1811.99,1914.51;
784.72,735.39,700.62,721.30,741.99,748.89,749.36,762.52,759.50,793.97;
547.77,520.75,490.77,501.95,506.86,513.72,513.41,518.09,530.49,545.94;
1785.19,1448.76,1495.46,1563.77,1593.94,1659.09,1573.72,1525.49,1404.50,1339.24;
2221.08,1755.96,1793.92,1866.86,1890.10,1958.45,1768.31,1671.01,1591.30,1469.04;
1117.49,971.25,979.00,1049.09,1060.69,1070.43,1064.58,1052.59,1057.48,1038.72;
760.86,703.03,682.76,726.65,743.21,756.83,776.77,777.64,784.40,809.30;
1481.48,1246.04,1266.63,1301.22,1365.15,1409.67,1377.62,1402.04,1353.02,1336.57;

9.0cm 2
2147.54,1698.62,1792.89,1777.80,1941.99,1978.28,2048.54,2204.60,2220.39,2500.00;
1228.77,1103.43,1078.89,1114.93,1137.92,1193.10,1181.29,1191.53,1296.70,1354.63;
737.21,690.03,658.53,687.43,702.25,713.16,726.83,740.89,762.82,822.75;
1834.89,1524.67,1537.30,1639.30,1690.96,1744.23,1766.38,1904.54,1892.03,2083.33;
2556.60,2281.70,2118.53,2180.97,2342.21,2556.58,2542.85,2777.29,3050.08,3069.51;
966.99,915.78,868.39,889.04,940.85,943.95,961.89,993.52,1021.90,1044.01;
600.00,544.18,546.90,562.71,584.66,593.36,599.16,615.33,633.45,653.43;
1469.52,1359.90,1261.13,1300.64,1399.81,1464.58,1479.67,1487.09,1525.04,1607.45;
2885.01,2410.16,2372.09,2440.84,2881.28,2754.33,2778.37,2652.33,2682.27,2768.59;
2102.84,1663.50,1687.08,1760.11,1911.51,1987.73,1977.03,2001.03,2056.14,2232.39;
311.56,291.89,285.01,286.72,296.14,300.39,303.04,308.37,310.36,320.79;
754.33,702.17,662.03,687.97,690.38,712.98,728.01,745.34,763.52,783.57;
1528.99,1448.33,1358.25,1322.25,1411.00,1478.24,1521.12,1610.19,1614.59,1786.46;
2214.66,1663.50,1627.92,1698.48,1757.98,1796.62,1855.90,1869.88,1856.98,2452.52;
2103.41,1917.49,1719.50,1733.16,1877.52,2002.32,2074.91,2099.24,2257.06,2410.88;
299.14,281.54,277.73,280.29,279.50,286.06,289.88,296.77,302.36,312.52;
621.86,580.26,560.66,556.90,560.18,584.14,595.75,612.30,632.76,659.89;
914.28,793.41,788.51,785.93,789.19,858.90,917.52,928.30,952.84,1026.52;
1267.76,1106.97,1077.67,1036.42,1110.21,1210.97,1260.07,1362.86,1420.80,1490.76;
1006.23,933.95,880.30,883.89,865.99,917.35,988.49,1047.57,1057.89,1134.58;
365.26,341.34,339.39,346.95,353.52,359.56,361.75,364.72,372.22,383.84;
546.95,517.99,495.02,510.86,518.13,534.83,536.99,546.71,553.47,576.88;
746.92,713.32,677.74,705.87,718.60,742.72,752.72,786.34,782.08,805.26;
607.37,552.04,551.30,555.92,579.22,590.41,605.38,615.01,634.07,652.34;
307.80,296.58,286.17,294.71,295.70,301.42,304.92,310.57,315.38,327.16;
1204.56,1087.15,1088.83,1172.06,1133.65,1159.84,1157.81,1201.56,1211.10,1290.33;
1766.18,1465.02,1581.61,1781.62,1655.58,1678.89,1641.34,1654.10,1667.28,1733.44;
1387.34,1189.46,1280.64,1374.73,1334.36,1358.97,1385.71,1398.72,1408.48,1492.78;
715.70,645.58,672.45,690.55,701.46,711.66,711.42,731.41,740.66,774.81;
281.10,264.72,263.70,273.85,271.83,275.04,276.43,278.77,282.36,291.59;
2521.49,2316.27,2015.78,1991.73,2151.56,2231.00,2265.43,2404.15,2487.93,2715.75;
2830.94,2387.72,2156.44,2398.42,2317.06,2490.96,2465.73,2531.24,2890.38,3032.91;
1507.21,1393.99,1283.98,1397.77,1379.78,1443.49,1447.90,1472.49,1579.43,1659.09;
587.40,550.81,530.00,551.30,550.52,556.22,561.31,571.14,570.17,592.67;
361.38,333.94,328.32,331.30,338.59,342.94,344.99,347.85,350.39,363.14;
2054.42,1769.02,1710.13,1696.59,1881.90,1870.31,1745.24,1694.64,1510.83,1378.87;
2296.02,1910.50,1843.66,1849.61,1906.28,1912.29,1781.38,1637.69,1568.88,1451.06;
894.20,839.70,800.12,846.92,871.95,894.62,889.19,901.69,894.75,908.24;
548.62,499.04,499.78,511.12,530.72,545.47,553.85,567.69,583.02,600.10;
1251.59,1119.56,1094.25,1152.01,1193.36,1242.10,1197.28,1216.86,1194.69,1211.04;

